226104
180455
220617
586648
365295
217626
448054
233809
380756
117913
1561688
196958
233593
41236
294848
69467
1761805
927968
295538
275700
1199145
721728
76604
40278
215926
1581985
1412455
553167
69041
732204
43545
310276
999888
172218
27239
851736
809040
65467
768885
190723
31503
792862
273083
63513
392686
1124578
108968
124375
253261
83310
96401
17255
1384143
1062734
977110
1167754
228674
49226
230615
1191919
1589493
662672
1924689
934409
55820
990994
600403
543986
1415969
297990
239235
49586
901069
624163
91923
1317360
441268
215179
48349
219667
1093756
436256
258368
181760
882700
164566
311320
168990
95440
59123
1708549
775489
156998
63048
245188
1275578
200217
84324
996161
907628
1567637
77563
1318648
1312911
94421
855933
355317
133284
190341
246157
595137
290607
266977
37765
966260
57341
116539
498289
35608
354901
62271
8017
1010635
951781
249121
965883
287223
188553
174651
738262
30663
73733
1062354
122219
189551
81219
971476
1170469
998284
99867
733121
1564987
469699
699599
821380
1203191
220083
86939
284466
54922
371390
208842
578549
684881
554986
1297692
773295
523805
324861
168355
144415
850281
437188
438345
77669
490699
700436
784044
703342
1362080
1157204
77895
396814
199707
985197
18627
108221
452409
227243
1855814
216545
954365
849058
909861
902139
80139
1314338
577746
265597
323985
650609
56294
9460
1131637
353214
1051162
373915
25797
92584
316570
510440
654572
662023
227321
40552
492401
1146339
314384
1277796
623456
1384275
46771
240445
367044
104162
845812
58084
723341
269955
19028
770081
450730
198170
122389
196600
60183
274163
1238269
1068826
886610
324402
34129
69004
1306185
1823250
90280
1344524
72902
608752
1061973
291245
1784192
113880
31224
282397
238522
1424549
1431141
827708
1233134
396738
1092482
1093453
954596
1181359
1564116
26193
1332131
1496950
28372
1231558
46392
454241
11414
274097
1123825
1175306
1012651
194748
1375097
1982092
107232
1251635
81095
207873
1522457
540679
165943
25577
211002
47730
990916
199258
798323
115244
76372
155837
548929
792054
91956
1932987
1569656
989320
122690
178642
289536
501821
1565717
83167
252031
1163875
32324
1137342
614280
529928
287441
72047
196070
476921
84137
1416259
814836
223337
666857
167468
8527
103151
182205
205147
164544
16731
241329
18701
269725
1699797
1261956
1334953
282166
37627
677891
1473671
1576175
1050099
655856
46892
1435065
398349
198986
135580
207742
41830
200023
1221017
244024
52275
1522049
1924238
720515
818702
188320
109403
1441300
1045533
156735
975007
168616
88321
818075
1093668
1488289
188411
199262
707368
218889
148163
1463163
1233376
706188
912068
1466330
923359
1253425
731789
1152547
151908
360916
60770
118511
720687
237926
1264543
1653471
1933329
265272
900302
252927
872866
1771157
1301626
1165453
1430655
51139
984915
329473
1247977
1100773
619678
204791
1194141
1132890
1193220
362017
56334
636025
76912
104311
1431656
58086
45664
150452
146548
296573
335249
587483
11582
813314
1075250
34341
1351941
1241971
409795
973869
917603
807219
958136
282172
908544
168895
210314
182060
799214
550042
69419
226553
1143406
360291
172796
572127
1413936
77436
193900
1457858
1347413
22569
613266
881458
658289
60397
1810798
363195
247574
1275371
1196217
131180
1100754
13816
166680
443133
234737
183319
641982
162184
1153573
574809
109811
13800
490995
165513
309920
46466
69076
28167
1776853
119051
96448
682649
66216
374990
133015
264585
84257
791029
1076131
79376
1473512
95058
786907
1583291
34206
67536
790755
131559
238803
1411408
846547
226842
759452
13394
172782
275165
291783
939772
386189
1342413
257210
1103466
1150798
1169015
711831
1592026
75104
1194999
287545
1719186
1832300
447560
134144
468437
405501
818785
116675
550273
87346
787970
54963
14385
997990
1161118
924107
1597031
57336
361334
398836
724700
700400
1255829
192352
188657
859641
241106
158312
296258
298449
157162
19489
525147
339773
963866
1177364
1381047
173383
144040
187831
1243050
473955
531275
977461
1321631
90401
187726
62121
157461
50035
1353355
966421
961155
64729
238638
1050505
48993
60922
123502
582937
636687
1457567
72268
224620
791560
305528
163573
10493
39744
793174
1476240
37410
83127
276827
157453
188073
231993
38156
190646
1502952
153894
692704
855468
1196490
157227
151613
266583
84340
1342914
112665
1241416
1020588
288985
481168
246431
686262
934002
930875
793492
1351982
1309962
176689
217012
1089364
331484
44604
26959
1441421
89220
228014
82299
808058
53187
87417
545145
103451
67643
1314089
62514
1073724
1253130
603403
97202
1694817
84941
1155846
872942
87330
408710
334319
385181
261697
99472
250592
54406
1552592
73927
107650
51847
54066
1285870
82040
1960682
79458
640715
58353
175535
608715
336958
50918
109011
304748
802310
660883
980720
826931
35564
939173
92634
786070
48626
152889
956139
338387
247453
139014
528597
1081273
102060
169353
791306
1064957
89715
1301477
85991
1787521
355865
932476
55847
347301
784371
1156842
887526
1186324
1546060
1713111
240519
758497
154013
66606
180705
675849
206487
179903
161186
470090
1248893
421038
615513
113308
638790
565188
869336
235214
267431
184650
127489
995375
67423
726868
23054
296849
762877
92101
257321
767469
211247
95545
464447
38733
61740
166660
244960
624219
321549
408699
41634
221661
326210
682667
1924100
146044
1462059
1447780
1326075
1401969
155696
109030
325689
328716
89369
1537006
1632812
509738
54426
531622
946942
152703
72502
90416
1103971
305812
741044
52669
291778
224600
1291326
923385
271528
1249387
183674
205057
163186
1524490
968928
210142
899394
1559795
255107
82628
339914
67076
1058035
836342
249825
1549292
1085500
262960
610483
337952
1386889
39412
167608
826743
97016
118292
1463954
156023
1105951
102592
182304
287534
238802
237405
450458
263300
140307
254803
470854
315445
36173
728449
12397
125312
1076040
66371
969071
33826
1550498
96260
775860
421445
309956
380162
966396
297137
153099
400698
277365
278144
964552
801429
83628
24823
1613865
178215
1223608
127578
126136
653548
25822
1135290
327019
130517
95021
130749
545751
607233
249685
69798
92291
76309
295536
1575148
63203
635703
351386
968132
145049
264806
253498
1151003
1138292
18840
354614
738670
1152165
920054
1736085
788844
47075
765901
68142
264316
145292
561004
17137
12007
1262639
125452
284252
1028532
214334
337984
39571
1065022
78301
264876
127167
293127
37224
277539
1230701
652660
130798
256497
10351
151940
576963
270646
107717
16888
811693
29940
974790
223419
1188688
252074
39522
754928
214292
716173
224623
610142
205714
272379
51369
47663
81844
7808
964779
170089
75914
190037
382633
1181322
272665
618185
279374
133100
1369804
193128
667554
38026
1163315
1160897
296350
910137
1261446
69226
364980
48042
445559
552665
724508
267012
134914
149454
325443
297878
156742
169444
1415146
218465
1729570
671915
428947
55054
1430710
277654
78351
68200
220855
186227
1546310
1843257
463405
758822
76129
1262682
1167774
1378140
652521
36126
1493356
991570
704973
187279
56028
522204
87524
33893
440639
1498503
35635
1031956
247045
836611
1547371
504814
1568677
1751406
253200
123413
75326
142131
1061507
71462
816887
194352
958584
105804
240967
1799541
220493
258746
68732
1906076
971209
181585
20553
783494
518295
1013093
1267828
10744
628506
966994
1014438
81923
53840
294927
20114
1244517
84107
1064569
1070405
413934
957912
86897
493747
250130
125451
1178512
744232
154789
1428162
158354
1003703
384302
76813
357609
780568
103272
125675
133173
612408
1712716
1537280
246565
74563
46581
772258
291144
340727
344076
109415
329007
17219
1364843
879058
94356
66878
498300
742034
108797
378893
1553520
76448
55528
724004
800650
266344
149493
395378
109412
92101
1466080
240662
751807
146236
177983
155618
26088
1400824
469742
169130
43622
400619
1098685
850097
285987
26169
1416832
19897
71429
867490
318664
898518
317649
62308
958158
448378
64858
953496
195690
190864
694407
233349
359635
733266
1086567
46847
45611
1039982
761732
72714
656234
5544
871109
492413
859504
606284
173715
89513
67185
8320
117749
1545737
292068
243886
748526
1413819
1308148
126741
909710
296521
290936
250469
648832
172216
408734
215736
811336
231329
69927
191626
745616
221058
202353
96448
610553
220839
1007506
30959
968076
31410
707566
764552
105822
287753
1307370
770348
66506
1112060
183834
917021
1354178
947326
1423630
696314
19672
487616
519300
1279360
49479
64182
985017
1105903
210910
1099238
13560
986027
276749
230349
234835
294142
653533
19264
34827
141742
83770
753831
625614
633406
380428
687321
170650
1098136
61962
793794
608175
1061001
863963
1199025
268217
82733
1242112
292588
104871
371580
361978
189208
1628107
264644
64389
89402
980183
41240
370288
49359
567360
117776
91908
49637
569047
62492
1726162
99010
1504303
18936
96224
294918
1107099
1139166
874016
1211367
264426
173869
756143
138514
715100
84022
1878886
1060343
1381339
47690
1346815
766168
149446
972626
1398911
21976
26924
61213
51697
279793
1191022
22006
56736
1200645
152807
5969
336425
1039551
1155720
115780
59425
312604
15162
329891
233062
111074
633700
1518298
94323
185309
1055771
40783
88163
674025
1071290
188081
1367137
178215
74190
107210
166593
1176316
812514
812903
86533
191827
1003402
250587
1325038
91094
916001
802634
16039
235151
154312
80604
1560160
201894
568217
339679
1297955
1332731
283887
791719
710033
27716
297436
271930
730031
1175857
972910
1379574
910060
37349
659508
1562882
165636
201967
155186
1595774
54874
75443
730596
13632
301301
266798
60194
446098
1389084
786929
301192
19539
227456
234163
1114455
92069
94884
284248
86214
70224
864623
20888
1035304
159555
262640
1645083
212352
283084
1579835
736894
32227
717931
902048
743313
523069
150203
259966
665941
1525207
928257
187151
860246
208065
16506
92543
784273
91117
89835
1050279
46716
732597
744633
825907
74357
1846392
604419
1004140
703563
1856202
193024
948552
210615
758156
1323794
651993
611355
130085
12527
1419410
1523742
885899
508214
240786
1521756
83195
1520329
1665672
777636
53064
859355
1185726
74760
1984910
1507135
520344
67338
332975
56494
428763
85038
797859
1453101
1312402
525187
1525959
700687
843646
200539
1071367
72009
965968
111128
272898
305156
606718
73333
700192
732054
35384
282393
20537
72884
52854
281844
112576
167847
710659
297715
1874889
1094963
145159
1035373
74159
279510
1012018
200041
713022
1994280
290234
655151
93004
619768
60500
1148264
123942
137597
841311
1440638
739246
1450483
95991
54153
431911
596500
693774
387731
604217
437191
22283
777521
193488
254514
196090
427281
164520
1279744
170299
73146
87816
1091512
689357
86706
432532
119433
194184
252927
721833
170114
155913
356900
18387
1007370
1964522
628118
27967
1111958
137888
747521
1138838
877862
1364792
151190
245968
1602144
106163
227161
953813
98164
60100
1531429
191598
266284
961040
279789
1056368
288615
392651
1062846
563063
1402305
1117176
559880
102464
1363130
253792
191952
102511
897962
56587
639049
247156
248887
82862
1077109
290653
322066
255358
248696
57746
1556216
146342
982168
365093
40421
497027
64173
63616
1090121
818812
148107
205197
47206
768644
484022
896671
298248
1257152
244833
105417
506414
1216022
865920
190312
32681
1150849
512663
755043
320902
1144629
151775
183751
203537
496357
222101
135446
99199
1118146
616894
144489
554620
1291642
265077
1286630
85456
575577
12083
919043
638159
1097569
106043
81761
432275
160313
263964
991657
132307
613799
950351
32559
1577426
36353
90880
817120
65505
1518594
749607
43761
1240726
273485
575881
1562796
295167
628766
528412
1574725
50168
137842
60102
40687
47788
1703303
1255047
230092
952280
41268
14029
726766
856631
1490779
1030835
1350370
339539
1118696
163088
94662
449775
786818
960324
1146904
508654
570974
102927
707512
1109371
1002807
90826
66042
511253
918919
121314
1267311
564612
1294850
1158341
184183
80868
1313280
150968
794691
272440
235212
388037
83238
1136423
1344798
260947
285499
697880
1799102
1884714
160485
777053
299617
110481
364486
280252
480846
1465380
89798
485304
330928
1307958
933491
128257
140898
25263
35255
285930
1434725
301203
64452
756009
805583
884757
871539
240895
1069170
1365489
199418
400890
44412
326573
321081
439032
33305
732232
239729
336856
1115687
1589430
70252
185218
534447
101612
314510
278513
234760
1188812
858072
145855
444261
1434122
394677
48631
176115
539519
179833
313362
1692762
985003
24496
396679
647512
635433
92229
40420
1106945
234488
148002
1133673
81972
111020
171613
1341457
196638
182455
173945
284627
1030364
148635
1395160
352666
293099
195130
12838
869853
692692
49402
253925
544013
70417
461268
54437
1041412
16592
243043
724147
105915
1193492
1008911
149280
105035
75257
164644
45343
72281
638783
238692
731227
78214
132024
126700
731682
334610
128293
117193
220711
259053
265226
965233
461122
954208
283008
1324969
45724
46704
32719
135661
112550
1144486
738568
1272651
38925
97551
141948
269125
137503
240210
130035
85736
168777
1599185
439068
30771
102952
245630
610616
68120
33569
218863
87137
934359
14702
204621
910713
619965
1936139
163089
115468
1252851
16365
48945
865192
882271
50829
1206922
37523
394673
244048
635710
962475
902801
464204
107805
248491
712385
263314
470836
635120
86373
352066
880840
234189
614232
335214
180172
748061
85373
1587816
149655
1182427
271142
1442937
1455145
90605
1163718
45511
798014
1282899
664569
160424
230676
1169850
397623
83679
1297037
143613
212593
156503
146472
197924
284996
1310284
1319456
698671
45840
36572
99278
766983
24266
754073
1193561
74758
207664
82686
234082
984823
341239
89231
267221
1169854
195378
869684
341283
512194
181778
257565
136804
1771902
191263
1261952
155764
1341538
1389558
942122
54005
79992
1325313
1395280
924197
123867
93142
1092320
334551
37036
1126656
1446769
155172
865749
255764
626494
695429
17698
180067
856860
1336117
627922
1541738
220310
644534
227375
155087
126648
753990
669841
402806
229932
74476
385222
133799
1113397
217207
142602
145883
825142
44928
390548
190186
61429
163978
100520
66610
884320
392555
288871
116709
81677
709224
197992
62885
816085
950612
1518562
1007996
87546
169302
610935
118339
833718
452687
293353
344450
1214905
1430988
94342
382392
21701
1158160
819417
958233
652203
48860
269819
297177
1104426
958670
203960
51856
114577
144112
192302
1411550
1008761
71260
1168127
16624
758390
283306
285736
1076507
159482
51810
368614
102589
1676186
1530741
1005184
287082
183398
183223
1454792
1283187
1244197
333470
126324
1030476
116082
102642
1190239
12387
245536
335949
1291833
1082289
22103
1902381
861592
149833
1409136
27918
889107
36240
261089
205057
10945
192163
964830
297038
627054
521339
1027105
665496
48056
95598
905698
990460
1585747
19776
1830601
380596
1259703
298685
1936024
1330288
793217
104877
151822
347713
1153731
56596
194935
272528
1240067
906284
332762
910545
19235
321880
24709
188407
1810241
227105
657212
17637
156145
195557
1338600
920996
1018130
90393
1229096
717757
1546496
668952
51573
922285
65534
770626
197936
1265296
161110
898110
252979
272269
919830
343688
287218
1546286
1446064
715525
1128631
796497
182982
892754
48736
394618
178971
980287
326872
363549
92292
446942
537656
1363278
222616
1121552
103556
53051
18616
104421
541211
148456
264720
133462
1138490
827530
799616
79665
255209
52559
47043
1289118
781255
1528080
262100
1207577
131781
17580
1279435
771361
46478
279302
124203
78710
877043
66780
840998
1490445
1099366
54318
220974
662030
261403
19518
570103
50599
1126438
673549
68727
873819
440956
971269
1175038
22346
1367698
36887
84378
383780
614786
70866
684599
76263
45849
926138
275971
1123776
94870
1589560
851852
201406
975705
366312
229157
833668
765986
33988
232011
32274
293995
658734
1004894
16671
250181
216422
112541
77195
486565
1128291
1309919
185135
296437
16134
280313
143848
763649
531818
549775
266414
723716
618718
71511
108342
94243
106035
980977
182807
627404
582326
342192
801988
64629
112265
64602
684730
1483589
875993
1216211
121813
404840
153692
949794
162565
861144
712989
48810
1807418
132737
85449
377321
655159
46165
277820
34009
1699597
795513
237850
398174
261741
243754
224853
83209
895435
1499543
748618
214973
1837430
689875
1069365
39794
542868
191868
44693
249377
1084502
276337
70042
943900
43103
1447948
405775
93783
701948
714849
1114069
659690
297722
134386
240677
1652683
715193
37610
1493811
713169
1714711
212785
369925
27964
1547203
1414567
155638
393671
651040
146560
47879
1463184
192227
1266215
166701
288515
1299817
272965
816452
17691
268119
134812
696384
993906
836198
626072
234700
140246
1225758
277531
1301521
63522
102798
637589
1587123
693762
14754
563048
533490
191056
109645
673317
308138
1164836
54757
160996
73653
38533
135220
366542
1253896
89914
647190
851991
278687
185329
36836
1454956
272185
225634
614948
660717
67935
624223
1574436
1273592
96270
118726
1561669
362639
92626
191745
142923
54830
23562
391334
290685
477993
94880
330131
1303870
213617
1069137
1392191
166811
680742
1037220
741194
1404129
1512141
49544
81593
1426485
140757
88215
282947
102113
1263999
588817
85701
1109457
1190135
436822
209650
269470
86479
13660
1582652
703177
443462
122713
1548281
1282969
12523
88707
303442
272395
642890
1219631
1213547
83842
64706
272082
1769542
1356579
1466526
298189
314258
1266202
269805
918257
142327
96625
775552
1109166
266976
122446
208884
126956
63633
572164
1128330
424443
1073595
83201
259154
1082233
211429
1186114
1315614
870318
1128851
876730
113162
1545696
234749
1469040
1282446
1989355
85354
49576
112764
1489359
1708432
921277
417057
223439
1579504
28663
465805
1403480
14428
1369883
46347
1272248
1249732
59909
27773
874477
1510850
1320338
635062
520250
48637
1012616
378244
1353175
105204
1053867
1190773
497823
55325
211126
1177185
912456
91536
782349
887378
79607
231778
20213
207658
801612
75276
212738
980560
249225
38328
220730
653896
256970
840065
161689
480801
426459
621200
39898
952808
235167
797589
434209
50247
247269
715968
1963138
288851
1554901
189609
291754
122276
1322931
1385538
735198
1116135
102783
1060520
33438
1089849
827005
939122
337633
756930
232187
1049888
595715
184920
1228663
141324
341920
393480
95421
62293
1986587
907574
1100649
317359
326846
898301
1193931
193424
80119
848760
427220
1308672
13998
1211300
95157
46376
945406
642201
395817
697358
654863
669305
49678
96870
760781
20056
671538
51475
99107
19566
778430
1385926
843546
1035600
1626577
283684
234136
1087308
765073
1342984
144818
42782
1260556
36218
131924
1424298
27444
468058
259816
6327
265313
732264
269364
1016201
201087
702675
153853
159083
256667
42764
464908
1594535
1294258
249095
164130
64809
1220233
194109
486653
78014
883183
282815
781990
1224760
246338
99336
505247
45411
1733566
121183
88943
1426579
1058326
892576
10531
916528
94964
23481
106261
704758
845204
855434
924498
1297449
170311
17298
159119
393576
648252
40246
160565
11162
632101
1047131
270868
696200
637508
192573
258871
209195
119992
558997
1316265
196821
764544
98650
398391
1152354
1280537
1133105
1411586
880953
149394
19333
578699
608882
93454
27600
1562905
839433
320171
875762
1214694
265202
853201
31114
12819
741796
353339
268134
338883
645934
1153115
1436337
158059
516800
796350
753550
915284
600724
526936
205771
1199410
27201
134703
684106
643435
299772
121546
49128
83840
77004
729496
450891
259096
287471
184530
989650
1363494
866665
41737
193180
75903
163887
224089
1280664
1879687
70797
315743
161703
898988
1341216
96744
145055
1145114
125671
204396
387065
132566
18105
373331
92721
554456
73852
1164315
1185510
172910
308846
61770
312862
1534731
699862
55815
13376
912953
134183
1313007
150448
347205
282914
774744
707711
121049
162870
1670677
1102320
574662
297681
836461
986483
683707
10816
444741
68643
741696
372501
68024
235401
936217
628266
663580
1349508
779947
65519
294119
146681
373255
928078
1036304
141389
87649
602801
206281
274852
26419
623188
163049
356081
25164
7444
1399083
73300
181295
95929
928162
1294764
1511879
726654
1494508
590262
78180
555791
930384
234648
744443
1437570
245168
1034654
184776
609064
265256
698487
217212
13582
1263643
42626
115078
1935643
632425
532254
1880983
449528
1121922
1007249
612186
243448
1596032
641653
1038299
107563
1874153
157173
300447
1367621
128627
389534
213184
766737
63053
197210
165577
104249
723291
763712
103711
270634
651128
1127684
531873
1881100
38344
92328
1112844
80748
124562
254878
14836
119372
1188573
676806
965214
584540
86816
212646
606523
57511
305593
112589
994266
276965
296587
25760
188024
633117
1474012
522640
1116615
743480
1218959
85236
210431
220625
56993
563882
708802
123265
993043
926146
1054898
200243
670202
86884
87877
611055
813609
1154438
24243
633462
196858
303080
233730
99697
97792
1038784
42342
74245
481032
148910
806407
934067
727576
494357
87842
61561
137429
48014
627287
69298
12479
1576503
794750
578270
1219500
48066
334692
163785
137418
131507
674845
166854
123643
90823
52748
43650
725904
260200
323372
221662
58189
310613
1396152
675052
185578
1059808
27383
844745
1980216
298742
698121
978953
554355
322876
142140
327149
692052
218408
1452303
124170
871557
173696
38003
586357
39874
387114
952499
24806
332070
619334
208096
69319
579301
249106
225319
1188964
231361
219519
366080
251567
76099
826494
609852
1512482
395560
850556
265313
618239
159531
161404
377212
475658
246343
274106
56472
1244415
59819
25106
169888
252872
635032
213444
1581282
1481278
263877
863641
183686
953660
1388849
956140
57139
177958
106216
1469116
1423438
288036
735275
1598315
978178
613035
94320
214211
11270
1118376
277332
711464
10271
58752
1015282
329387
1076577
174006
1118271
622504
56362
97001
99591
242785
140345
24035
116467
1305205
656860
1400299
424991
464679
115308
1530356
205981
44602
67616
473073
224280
162362
172010
12835
1159211
208909
1064241
408677
165039
247993
102040
69237
232437
277685
982826
52815
24288
789924
32351
1118430
213086
225714
1087536
80344
94533
58166
65203
431448
201541
1386512
106331
455123
52909
504026
767598
109312
27258
164272
832847
278201
708471
19981
116813
787003
30108
164182
1925897
1509099
76695
1560263
63801
38892
49988
705967
221381
979783
1237178
83036
162395
98264
94827
34227
219494
61303
62390
94376
105774
622531
1108035
746517
318771
120677
1478147
1002270
1095592
1100459
341980
1057189
1015487
272996
806945
42683
472702
210573
1796189
191451
43005
16213
33860
1310601
267928
51484
1183657
741141
785282
341360
133166
144121
67868
769683
35771
24924
1001157
284395
54888
1557431
145374
247322
175390
294206
1588336
630351
414649
1546295
1079470
1240853
52573
935226
224490
134890
857944
239331
78310
279606
97820
689518
30522
397127
200518
798901
1170927
408949
922643
10989
492839
241153
908795
228157
211497
258713
210272
207563
1692911
255215
282146
964076
1166872
182032
223214
60091
156798
25262
365360
57905
266298
299785
332245
929814
115220
50712
54325
1456186
679926
1369946
64969
196816
720602
288228
589724
113511
19852
1402227
290777
1532720
87620
63655
268576
64411
1061521
90510
1254323
252943
691034
82892
801957
1080374
1039786
14853
909804
130861
256476
809475
268352
339301
334329
1353428
902688
353054
42691
1451582
85946
254713
37158
1470244
810348
164822
161406
261435
33400
631439
48386
1243024
82344
799618
84932
1593874
81071
895058
1157109
448491
558730
402031
134555
849309
47639
880960
238031
1129287
194938
149064
182031
739238
71429
11122
710999
133963
291982
351899
348330
17120
253792
94066
30100
589367
41642
24726
607665
618439
338732
163659
893429
138290
143970
135645
1343753
1062103
415779
719328
200674
222001
926502
1519078
98253
1357391
381066
1210092
230704
999132
43424
265105
1389560
40247
42907
494013
259423
1145183
117331
48847
640049
46711
381875
595289
1492269
1252396
68930
1168757
998823
292087
67923
58746
168190
972261
249880
963975
1318857
144566
44255
133381
264259
39693
85415
1823775
58458
1311574
894977
1503654
717340
257336
119709
87707
1701914
631376
64846
1344360
263703
444156
244023
147435
245220
1460121
151565
623689
35993
68663
1162140
1437489
17805
35067
1269755
239359
152965
699643
181385
908956
1176985
377626
67559
284904
1498864
214859
266148
1028160
85246
28135
1963234
71936
698752
14539
215832
5204
292133
530126
92062
104089
1031235
52823
386036
467323
734410
52470
1345700
54571
1094840
48377
37983
686101
1110130
216379
700630
92134
74897
235668
1163722
337281
1756491
80329
346505
696894
68601
1275019
1228259
260537
1037814
24711
979910
904204
21345
50855
1247233
1089031
1168638
1494354
1546010
472619
17550
244323
1567038
77045
689537
287328
140108
764896
360128
1247705
63550
784370
375055
942640
835877
1567852
295565
849304
44851
77440
327219
333786
824146
1108618
228295
930043
1925820
65158
1011991
287963
88343
981305
1499709
168796
70530
839313
205823
119839
990231
469009
814721
82154
214790
941901
260399
1156915
1404165
544620
29831
78434
808560
1270767
84912
335030
68127
176898
929704
396957
38847
947447
10301
1388591
76572
231137
1491875
188196
37169
441691
1205873
374077
792126
887587
275224
203115
147463
74598
21616
685112
288031
405124
63456
44686
154108
1308816
329207
1516024
296457
28403
273802
69845
184049
1156287
44164
705832
116015
40024
1208213
785700
86379
606665
1428586
102879
237410
42185
1175520
80940
1059255
763405
762430
209509
245597
534037
259083
17159
1008243
379518
1093376
1174895
1237685
83622
866990
243729
227948
1351745
1538423
978002
382511
12449
21619
184217
767193
1489746
115136
1788995
268768
279975
346405
1169587
197207
738708
802050
165414
189354
76531
719048
1311403
503660
968137
25196
48766
13269
209599
914079
251476
1076285
264346
1737705
678043
38742
231854
1197988
1486170
90141
365193
1139538
848483
53350
1124882
398468
1215683
340321
390986
967016
279374
271809
1083390
245855
1598832
1413182
1104089
41835
1514186
1366987
1061960
722251
55671
118646
280658
579990
429857
28115
355471
1145865
23520
67783
1502660
1190725
126660
813093
729888
694948
145005
258575
228993
502993
75749
1144136
88632
1041962
878270
82359
1374820
149811
1751492
762660
1103162
203364
672241
386430
58942
1157521
880024
837511
87535
249088
1533879
244942
279328
649957
75815
63346
932079
691089
71624
847478
1110874
482801
604423
12620
61916
17201
191220
633842
725864
85953
187317
170396
927106
175620
85934
867862
151512
288349
1368287
20997
532170
265103
88328
87699
383969
107433
1286972
169546
48558
181955
707885
154525
47515
146393
812011
188398
40743
186302
81484
920442
899689
254791
215247
138207
687363
221627
17069
141843
484800
56559
133697
205218
117457
196623
1033394
230899
1470801
1067299
252148
26705
824816
1369383
1067513
1301900
74652
195953
388359
252158
446509
208414
222044
239544
254860
137507
754812
76795
228847
240064
6674
76106
264564
1580805
103981
247684
16292
225730
1036100
274293
1050330
282758
82487
1130564
54344
56832
718929
887334
87194
70867
1873020
788267
1546691
255023
14874
291396
242266
747427
269551
45435
240921
81209
740441
56101
550950
142348
131633
66397
1539395
463190
135483
1368188
64356
718473
316528
840890
610718
285244
701366
259418
895919
65963
188489
317704
847378
72332
213271
36683
1075087
687834
1962718
186008
147216
1064244
727816
155468
1195420
120206
156857
164242
644676
1253457
1718559
1490894
64101
693352
151812
265544
1794645
1370650
750915
905838
462993
310466
423036
24313
313689
398129
62119
189835
1252267
1668867
268184
1157741
1183267
296676
184147
771366
1388846
79936
1153041
241862
938963
36470
271439
1491899
656258
94674
233791
161678
47832
58947
6547
39597
54669
752534
34274
749754
480348
261366
575701
77634
1091639
262837
257889
52183
283121
254578
541986
91780
84095
54527
618387
244731
1146286
40275
1136599
226449
263143
602441
544559
1046837
1142004
619356
431679
172044
399665
1094023
206613
750112
134867
1450991
26946
1099662
1516158
107855
481948
224390
38734
120163
675320
992243
168331
226428
151094
47548
85015
927941
121026
183183
1257229
1036253
161788
908810
518468
719284
195935
384215
99839
720919
129710
106951
1528515
208277
131213
1952624
258634
268512
1368991
1289252
466461
665000
81850
754470
1531312
1747097
40235
1339738
235193
291466
1458373
291281
278457
184867
38167
633303
19969
249304
179063
98514
1238512
283888
1056244
83738
799075
1034088
202590
51372
177274
86444
1281301
98995
521539
796559
694682
76007
1558402
24665
986408
1555572
1078813
950097
54086
604555
61162
223857
1501563
171092
786573
1568993
113403
1374901
680331
910209
108900
335069
377067
662779
628664
38327
732605
283661
193521
125435
417630
245804
91696
665727
1112235
1457447
180591
612288
723657
280971
204267
1084081
169378
673850
766715
357133
110822
890898
671694
25184
550370
136972
510116
1820343
131217
47763
438032
384593
334651
207276
615413
248320
506961
1975672
504244
1306088
143533
254657
192153
1482570
82993
1492791
164413
370784
718112
359714
322637
114076
192287
864084
1146299
360011
10202
136022
1783314
47655
212101
1990061
56205
1031416
1052651
245488
1083936
173300
354199
50213
965001
1253483
783807
165389
87161
548100
786078
208033
287491
108043
1370544
126392
1836683
140211
283251
40797
37364
827895
28538
364852
69650
935819
134645
924725
89677
57532
365055
171843
276462
28707
532430
480681
706591
100753
8240
853307
220464
1406732
257723
1259790
10235
603336
936618
30695
139845
276416
95183
12983
182942
899371
209444
1513327
38367
360120
1349289
22785
150200
450498
441656
52219
288281
270528
44815
604029
1599672
386654
233757
1019770
281026
651736
227393
85787
805374
91085
914362
231944
10462
881698
714538
324312
83688
20058
100070
220439
666955
1039979
1183002
179637
170043
143989
218721
484673
748905
84739
232402
80462
698347
864530
222617
782549
99838
1276596
534176
40706
858246
977748
222507
1029441
253676
1199608
326775
76477
170782
28722
790611
10447
269232
1413023
1296797
54005
105371
38378
357704
956956
601323
157079
79777
314831
943602
66823
506848
1041933
718386
119470
1831296
1045687
935757
870582
41473
541212
1050954
87466
320737
63426
981000
14041
40857
360024
473950
92207
1260438
923362
190068
1202718
657084
361741
1253030
69151
393671
306547
76379
299602
325982
255869
1540568
820087
680656
73065
66441
25738
59709
20281
51546
56754
1383006
1430473
152993
1265370
888563
875552
108399
621667
943059
1675186
179972
209042
644232
626098
284059
930039
561147
711221
1628079
759357
54767
1153262
1357865
1172511
44177
1109038
233355
770957
1174664
964444
170714
410114
188763
209961
92852
580278
935856
416704
1350265
48817
354083
173512
275151
1315009
773355
7679
1561405
291204
73056
233526
53901
1369918
390327
36792
1348562
839768
380025
1317295
266137
169835
538411
294587
1130750
99986
96035
1316962
321816
383395
1280238
218095
181853
233750
330998
307667
41106
362101
1113564
1349002
218885
273301
207688
1752222
1516049
244169
137950
1565165
201208
371315
281946
1515416
1466301
497397
99638
633053
1031545
653818
84271
358874
253426
359211
141461
598761
10249
1261117
462076
602038
77885
1049557
690839
1566294
187832
1286293
847289
63246
1018292
1391995
1101034
172950
190918
279204
68760
1228969
222180
182459
189583
1576745
1542523
6320
286726
63271
917692
1018994
195700
1075311
929642
239851
34831
1584430
287836
64602
850303
639371
81827
198326
775349
1195701
620055
1007611
98801
444874
775666
981166
50186
337516
1719006
1049676
110696
66322
198424
226499
50611
254690
245568
230328
260969
917925
667522
145404
385608
1183828
1032276
1520615
662195
742693
696101
50901
237939
389958
1501543
229163
73005
98718
1216857
1779197
979095
317112
56633
787019
1026977
233643
111170
875015
322542
224073
1415585
506526
291011
67518
136359
748870
839979
1871966
53896
1160455
26463
40138
406649
721305
191174
92166
66503
89018
705084
650247
130234
106281
40584
454442
1010861
477168
65425
56542
212717
313394
69424
49690
638407
1465031
55596
115312
322650
417043
279625
32136
285304
303767
338914
70938
178503
1575112
98990
95088
1002340
128737
247114
179720
466059
241563
1818364
712413
41179
1408351
586475
1909251
1242735
262054
657718
283861
1303644
221662
70465
919810
1204846
945478
531554
1312860
118335
1390158
165925
98416
231544
577996
776603
692324
223100
1331170
127604
360382
18397
153710
213808
646360
798835
1526522
442778
220365
98011
55816
1369063
1510915
228696
73246
548811
539306
97075
925432
899913
24558
543753
1076390
753748
1249464
1470195
36509
845454
304667
1683808
628926
1426203
922465
173461
287758
49228
34707
259262
978794
50553
46955
246889
390802
311006
24516
27196
28097
408543
64403
223925
61436
1162337
1495108
12421
79602
46602
691062
797179
203314
218646
222059
343761
121802
55827
754359
1685763
659367
23702
20870
1187085
272511
148075
1018306
228974
56131
137062
35384
353240
961015
1151830
297401
58825
1443799
291184
941521
752445
814472
1544740
119412
96256
60535
195965
145022
1259563
32405
1151655
63195
267786
1131567
1251768
247208
782797
288658
1195676
172100
7234
181057
572853
80875
227068
92562
90038
68674
184362
158509
322897
1841306
573647
81126
181369
657183
1381789
584388
221188
648813
196402
1422950
81870
1435051
829362
134555
137351
314035
344203
942160
447489
1197669
603905
198460
974768
1540536
15134
304317
233787
1314321
700141
20943
648903
248026
1089854
7428
27176
33425
216923
343798
575926
785123
98664
195443
1115274
1259088
1788724
277934
65591
1210122
48814
316166
1230236
175691
209012
250799
774152
1157365
47932
852896
1060524
820754
359573
327875
1139312
1399182
1259650
884385
1205048
455442
1199076
196144
428678
113374
50691
705717
90584
218711
649912
671194
198838
296285
24277
19353
512063
846071
1536576
1251687
82828
762128
755815
52848
55324
126455
1360902
514440
916098
1166818
947460
235544
1017747
235002
57462
1440368
775543
235295
285767
1210397
772530
1252978
1171102
255994
806967
741073
50631
6705
145994
84450
1593208
240250
325745
195739
1416474
70740
95621
42371
82881
157869
396664
362705
891150
1137645
1093037
802877
1194787
185907
38958
46437
25547
1243482
231367
728672
259091
289142
246596
781652
82902
676875
111806
241789
1404350
193212
1511612
88705
1382028
40259
376969
1372073
1283216
387218
24397
199157
996484
85827
22893
253218
118083
927235
1337515
162640
139449
61874
374385
382610
1066701
265556
547151
712999
1251901
643912
746580
49320
99494
76250
11400
67481
515276
167849
188303
65361
71218
212673
216819
698035
1065325
70967
255152
44774
212909
673102
647080
981936
682637
36163
432084
259679
1131503
467876
1119378
136344
1569286
926100
74519
1536857
154278
111730
448809
290701
955429
41006
894492
82594
250877
153795
994347
1428257
300625
116010
1169316
860410
858374
653428
1483080
626693
153088
209859
41370
1040905
95420
176617
919679
1161938
604692
394301
1792400
275335
1735612
1165238
755960
1609212
283641
104185
353647
994576
683278
1731715
380345
716900
286328
83741
1331690
172408
1436334
141400
344230
269442
168735
189860
624438
113830
1507412
150985
269894
233348
604040
173289
103848
1196108
188704
107394
692276
492652
856275
1484491
1052823
1576403
642748
876150
1187199
38826
250565
1002937
12496
1526080
249142
461935
1292150
240777
1028153
170118
508100
690308
135189
898669
92868
1460407
84206
276479
240904
177150
86746
769048
1042046
77626
873814
1200388
1718962
1436608
254318
543628
745350
513015
1321369
1180889
27482
107480
152857
1488334
578716
948479
47054
298194
191834
283370
87778
554585
1434846
1188154
1389153
1134172
32666
