1318697
5358938
17052621
1561863
3416314
296518
16704550
1222017
2249704
1038368
8006825
1258549
2804232
542653
1815784
1240708
1797923
9473132
2912336
947699
14224553
773379
625671
1915966
583872
9703036
10111458
2712511
458049
7847837
165449
939651
9965378
3678000
802226
14451468
482548
493719
11941402
1354483
763572
620563
2973875
530204
7840244
14508381
3596792
9506178
4581453
610617
2509994
1452517
15743140
13027570
3081085
4677092
1317879
335654
568541
14957227
13509165
3453157
3253973
7565467
2335385
9936423
761932
2471463
7109738
2501895
3695726
693298
9974872
6428269
2715405
10808145
8173241
497482
6168758
2099769
6189705
7228428
6594001
201227
3673725
512119
1767455
705572
365390
618483
15745030
7430346
1546935
9271893
2285736
7426341
7673563
313202
1963099
8901009
1329186
1346777
15696069
14949516
94293
9034011
1771064
2130087
1958434
502749
6476236
721026
2328305
932517
10496440
1357818
2056998
2553954
421099
7281969
430748
753652
17854833
11348553
7951941
13373602
3007887
2264777
1762762
9969514
510968
603613
6949539
6147676
851620
601903
2126689
7510026
15857092
863899
10562911
8581461
6633080
9843861
14529646
8551895
1978919
950643
169178
898300
1047275
1495366
8398068
1018888
1249942
6557946
12449556
3493187
7677618
545388
15154474
14799954
2532680
1652079
1159572
503811
8944368
14574228
12997717
9258202
7221648
584285
1299138
2129617
8649179
886262
3091482
910573
2679810
18945124
4165361
12327742
6650129
7449460
13708089
621507
13048035
1694219
1165907
838202
13340913
757571
581486
14624679
3679249
7102743
1558634
806762
192552
491207
19822155
6115380
11442073
528210
129806
2425000
10107688
1244990
9965186
3199433
10539920
581899
594884
7492630
1675655
11262822
1809885
11098696
4686707
323531
7592079
10963731
2293501
1251397
1357699
5182718
1095069
14235931
8090864
18287971
1535140
362804
2179330
10119065
1054164
1050239
8641148
1131265
15729255
9646839
2823322
10859378
1704019
772246
189263
3899053
9310416
14024510
14147048
6913704
7882149
15400489
5161172
11949116
4702598
14044058
901987
7362627
13887350
418146
8419445
802975
1230072
2234507
236101
11484244
13197939
8747066
1070067
10949620
14807779
1302863
5553158
1219731
920506
13766979
3716052
3909520
853164
2261811
593715
7323513
2092509
6124578
2912459
207991
1694427
10533773
6487162
639063
4862631
7454974
9824307
1156310
2974657
129933
2839727
7715996
438536
1438853
9277550
1921188
13915580
7715327
6895790
1116599
1734811
3000572
10204185
2920696
10801581
17101101
2862555
12703950
7701840
201179
3245485
769831
1532581
3596511
2711087
3398408
961713
3020919
16203390
12151956
13358769
2977322
932363
6630989
6497204
8510385
8577360
12214684
391665
15139045
2513470
4913908
2708984
1295022
391724
1303595
14212599
1634363
2712067
12210384
7143407
9437761
15125966
766059
1919774
8074504
7664987
1366472
13920630
761724
1161556
1955902
9720192
15811760
5447324
2055218
9991720
2480521
1576325
14123448
10530025
4435863
850036
12483356
10380018
14603801
7235563
13454472
717314
2505995
1907826
408110
9044958
2913046
14547995
18301368
9925759
524227
13821398
4952941
14284328
14277559
11467596
7541477
6903586
1533697
10593716
1983241
11008515
17479227
10462174
412859
7645299
12728520
7940221
6812347
2584781
7556665
798710
181206
8594992
2145324
858408
1749368
540289
9418464
1528079
10451965
69925
15093464
7126158
1117186
7856770
13951288
7644970
6900522
14164949
13653599
9153649
1458254
8375850
2288143
3785475
2181678
7865352
6802754
965601
2255581
10133808
10777046
3658141
933984
15324308
792643
1370759
5610659
6535822
645720
14818789
2289495
4817150
411893
9735338
750207
741538
12300200
12039664
2613662
15985840
760835
2850538
8252540
2334185
1564145
1471389
2205519
10065626
8678096
595433
91986
4990075
1788281
707506
759483
609678
984960
9911788
606206
2822530
6293081
948593
2873558
7488815
484923
6852405
13503656
13294611
402017
7167682
56666
1987258
10355336
2694786
3431301
3649997
2004121
729282
14642851
13958605
11376773
4233211
1731643
586589
941294
3879837
6715030
964136
15196602
2069466
11747517
12255573
10934404
15623254
11265900
285852
9005503
1908765
10596090
10439948
8795827
4136346
2972654
1263048
8684409
3203091
1621352
519094
605497
650946
1720653
6233869
6511665
7197947
6913351
1402015
913644
893258
6437684
14461357
10743928
2244271
1713696
10176675
2074987
8471136
1488615
2653979
1104589
890474
6094936
1579030
1106506
14049330
6813832
1873094
431324
1010568
11730920
7685251
969349
12866582
14781019
243809
2855559
2035733
2114824
816058
12243781
12929238
14891736
664688
1888698
6326584
793788
701042
2088847
16519092
8866736
14033576
2357456
316775
12696796
17054508
1159748
858215
2230969
6480297
1658284
2861854
494145
2232245
868357
1934570
2206539
233256
504087
15959852
2252834
7449040
6557848
10680462
8236268
1161772
947986
755889
8908626
317228
11505236
11566231
2094496
11928122
2178542
7626776
13840751
4514600
9305879
7617348
15418147
1943406
2797641
14383220
2486958
744492
783483
10506816
1389708
2953764
1935196
2365879
3783033
2673852
8063903
877839
182182
1854667
223844
13937264
10877940
15508001
664061
11488117
1605641
9449096
15439765
867638
10061029
3622334
572512
771437
74253
418482
2448346
7186646
377077
518416
65340
645228
8530475
1702766
18194662
211894
15910547
2572000
621100
10228990
914462
603883
2782262
4989138
11031700
13386883
12387000
6888703
817416
6298894
427106
14508211
1423942
1987929
8045166
1790714
919531
297796
2989122
15144514
389481
1148289
2349245
12398247
199722
14124235
432057
19390390
2124580
15750857
9681586
1898046
11227760
8919115
6543385
10142355
13099448
10095140
1923404
9920711
3705749
5253590
993119
2830959
250823
1368922
168615
6580526
12375975
1292671
9627944
2113494
7372670
1315028
3196663
2324043
2616922
548308
1516577
8049654
7738438
5378388
346265
622903
10319048
278851
3355301
3372056
5631673
3170767
6584260
82942
86046
2450945
2877970
3056270
6285846
10168514
2404140
3506035
2357951
6141321
8915587
5434765
13417583
14458591
6286271
7704768
2607123
2404677
6568079
2521549
239038
8846213
7535701
5766023
2875126
4949372
8848182
539131
2090894
171519
9111692
1247336
8500003
1615883
376408
2022726
9906272
4672758
2483877
12674299
3168263
1705866
1521029
10085711
10336531
1647754
8870546
7018995
567011
303090
3813228
2566627
10703300
8137153
1034595
12730714
7783419
1266550
13677595
3653231
15555169
695352
1207566
13073394
528763
408882
14439881
2159609
2500096
1308394
2776398
2755742
2852835
1405579
15169118
1196982
1359019
438800
16722346
7676874
2626608
13185143
126384
2080586
14046237
227092
8564198
2834309
15630172
705200
12123484
4440674
2674266
6460101
6693577
2395865
1286066
1788994
2108852
2168170
6560979
9322577
340790
1563240
10980780
428774
6731213
2567586
1344203
14219180
349886
7286572
6295045
3595387
820886
2498347
2642942
13943061
5879175
75449
2799709
353347
2379137
12811628
236820
1347240
4023318
9713816
456055
1086928
2595643
9614442
10450710
1755193
11502541
2693281
5201990
9281903
12374381
14509192
313365
4079552
593021
2816738
1145781
1437858
185668
2028622
9736296
11575944
2053637
6124367
2025983
5537943
761750
1471877
379021
9822924
1710222
604525
547121
2116912
14879502
11454152
15252809
7190725
1826185
775481
9197923
4782954
2872482
898757
12549881
294850
19421611
17995901
11534362
2501861
858464
11961419
6394733
6045241
1080134
12611589
2830556
3925669
1015383
1927108
768672
157615
11816190
1153115
2237774
524634
5809002
9245340
1394308
14261006
2638079
6450064
15739641
102421
4907968
565620
8138226
9862288
547313
16478144
12953618
638354
7180083
560858
5898225
7128669
7938948
9152596
1109405
18802015
3042442
6965939
11186935
467781
14912296
3941582
9391901
6085244
7302381
466250
13249503
656994
2035631
303033
1395342
6496304
4489558
12673642
11131083
14595001
468792
14629242
7739955
14893245
13812166
1303699
10329290
8324590
9007013
2243161
847597
11289249
558188
623000
16983762
10294542
958995
5735953
1991474
6606287
7722510
5495626
6544224
14190823
2840238
1351379
1953743
1075858
12770276
142550
13593685
2505845
6041435
1106124
3396509
9560638
978835
1607215
252953
4358457
4029227
1188506
731386
731372
5433751
11724753
8646360
191059
14228561
11105984
4364370
523467
606151
491125
420764
13791985
702211
8377744
13176674
1724670
8722172
247054
3599743
887989
2951660
4053907
6565419
324089
11264640
3466085
15419226
10487296
469047
3959870
11899099
1087034
1722048
2809734
14158748
13869079
12349058
441475
999516
722902
10291771
1638151
979808
2374842
212925
3814004
612939
7997305
3507152
596271
851770
6585367
6260895
2835382
2086676
8520898
557332
150954
9862068
11159945
6146521
2159560
1406057
1910355
791629
19679856
6061892
19023987
6069126
2712270
470373
176973
10856190
820380
1431470
652614
998615
10307590
10220671
215496
1233366
15276058
1280808
180153
3586361
860169
8320641
2491030
803026
13635377
5252181
192972
7409781
3831915
1781908
8828612
2875780
4852324
10874084
12151055
848565
671744
15515686
6344105
1717402
7761495
237712
7341999
1244787
6979059
13340810
1565012
2889086
421638
725181
2177611
10445943
897227
2947691
11405692
15854214
12334805
430171
14088755
1158148
1097972
679433
6638227
430877
1216504
1780069
14893364
383183
1277555
617732
10636301
111342
3925833
54331
14295880
3628490
9737406
227194
7922664
1869847
10085421
8255335
1302448
1020545
13004473
10081402
1758701
7398286
2771302
10017544
15363509
4128187
19349991
4968518
1310864
7158438
7572838
15758857
208590
58594
15153428
9995480
3384539
7493323
436500
6649868
1445216
2502836
16635087
3697569
3284903
447662
246766
772960
3763897
6197340
3445577
4450700
2955497
10339482
1638831
2859872
624512
5417462
8007322
8482571
7633860
12026351
2373887
991296
10706406
2241506
2398750
1061887
10925415
919943
6585277
2317649
626135
1391623
15866756
997994
1354724
233740
3072480
2521711
112492
795705
10967819
78386
7782102
2075941
12821604
500434
706103
2443611
8032159
8977571
12675459
14414818
2746465
1250673
8756197
19667361
7675642
1279724
8019752
13995923
19360789
1031802
6471541
10065587
573353
16801871
12737952
281638
891524
156891
3692316
8124637
9245396
281567
849678
13379682
1322067
369766
791802
9169014
12666662
460496
662060
1835391
323953
3038629
1980438
1581407
2720222
3206159
2461505
5875867
11199680
841807
2527613
9767275
9034984
1307501
7445923
328002
729710
2035424
1421329
9232020
3102002
2679139
811211
2317634
2225668
1823933
9306994
330660
12578001
6540633
799170
197945
2039026
1574131
6744706
1149249
2978294
803331
12441355
14371621
1382911
2934253
7934321
2068186
2833194
5083375
4944703
8746260
7658613
13220025
12325401
667110
9945413
6446136
4708216
1048779
1150348
15033755
2231784
2715015
11759500
475505
2473583
2459322
304227
6713803
11525758
8582222
1881689
1157944
457519
1206885
10832891
715828
961928
6278047
2271374
462292
13312803
798888
15581365
1055728
1329686
7721323
748596
1835219
6187419
6431021
1278020
14450080
19169568
8374317
7783966
817940
437339
2820473
11475204
11601893
360211
8217486
2036886
229009
4229958
1962549
1468086
221598
14772071
58563
15981836
7169527
14393757
2268620
11921853
3377646
17354829
2758413
16355199
732546
18731967
11118260
6677330
14855742
1937884
14785716
623274
1672333
7724345
10243369
7464278
5912465
916201
8697618
7193907
15044187
4444351
5949761
3625108
7838714
11447092
513797
19594264
9640665
16630082
131693
3190959
2392600
2943407
488523
3266926
11595988
11348186
2246729
7592261
9457652
7309164
1331811
4722477
682597
15633860
851828
3528726
2517472
6623548
1489379
8029038
2443932
60091
2343620
636945
654453
2455874
11914077
3951645
1287303
1400094
824055
14783724
12873252
1551117
13573286
2008416
1199861
3458433
2243736
6562563
17084603
1609717
4292242
1349729
7177653
761378
7740548
2117947
3745542
6783337
12011815
9432846
9036314
1486377
161681
6841831
19257491
10512773
2159090
1974438
817080
927886
5483815
3741879
1638623
566751
3985398
1723903
8519056
2354252
6861736
446818
6264382
521697
435713
16828088
5765188
1667666
1060243
13924718
1205239
404307
11540820
304604
8291006
3154010
11370063
1481439
6811946
2849292
11398744
13134373
3354066
12038392
2512528
2898023
1285741
2314696
3746361
2739513
1834597
260190
19951297
1637597
455653
13832200
614063
15555737
2041828
4914678
7423022
6046410
7606329
9150411
7301690
2347817
14088421
2850923
2408400
6779349
8146015
988942
6798573
1473827
2101437
376538
8310436
1319907
3877247
2119246
2271547
1453059
6988680
1871824
1257358
5654100
240937
1878458
738419
368202
11787759
10912689
3865280
656144
2720932
6278501
1705558
15054742
1038608
8209684
555458
2772423
6620504
15292095
11390527
2930538
68682
8880546
7137061
11149819
3261757
9825467
2313488
1483981
7413811
7962778
480151
479440
2374210
16905759
5247878
1782233
12049893
14512331
2366057
14813339
618614
593447
432863
9391691
10998843
9165462
694533
309499
810213
3831416
3254432
1968381
1693923
3767370
7554525
2715626
8418855
775823
9839372
2107057
308709
10474256
6459169
633425
7641214
569083
7259656
15754434
805291
1722203
5360982
7859925
897474
404704
452295
368485
1820056
14928927
6063649
1699764
15388189
370382
637429
4796010
12858330
8875652
14607328
7424602
2113784
10217180
1351017
1753446
5848452
4926276
6090631
8371247
5393898
16749291
2090388
7792786
5835319
9805370
116364
837715
5168573
6712489
2286877
15448926
7990896
15101999
12344102
769826
2567704
14830417
2285383
8266230
1199938
14012150
1196103
2498908
13729388
7233242
2654524
1271088
11246264
13553080
11040079
736791
7423162
2590557
9975838
6111094
3718789
11276944
14469963
262450
3948982
3762112
12570903
9399101
1182026
1651878
2121160
1123202
825606
7818619
7755640
896167
11439959
761564
13325232
6038876
2050834
8463947
11093149
506834
2860806
357811
3587797
2134476
8719546
753679
2351486
3824190
1275809
9828847
11954507
239087
2063379
939413
1487466
7681165
2706522
2501455
11693227
7720650
595042
3411523
9531023
3703151
1345424
2739630
2123417
3285645
10739898
12760786
6997164
293120
11742359
12550766
15851620
356718
2841480
13948067
1300682
2776212
14023631
506585
1577921
2099175
9359595
967839
625950
555308
2665602
11903819
925761
8277398
1586242
267999
2519869
981723
6911142
14302307
960389
3217056
2263661
1081496
5117891
1784279
15895834
2542451
2716889
15855208
5456344
2282748
18007026
3364030
1868288
4233650
2383681
1328863
355093
7054734
9579269
6876375
544895
2811877
1416512
7139372
3830099
2907750
1950874
1596415
4576576
703258
19889420
12525151
14008784
9306194
8013940
501330
901588
597904
2272929
2940451
4128845
6722392
12426404
804330
63330
2109801
3685304
2010933
3753244
2105745
1265063
1742034
15250645
3073499
2317896
2063627
7573958
9587472
2046242
724310
7421189
499487
8291276
1759142
1516832
9833944
14832275
18380482
908811
2953700
6844098
346259
291894
13097671
8377833
2241972
11340660
59117
3822632
104405
6065806
14115451
10458614
10035198
2306477
1270841
4639283
1335734
8872511
4674117
2368480
6431049
9678521
4422566
6932509
2362253
1058399
8415618
264797
8570709
2333208
7066878
623330
7322666
8784867
975513
6297901
2895479
13966389
6067234
6797293
2443416
2878041
10470442
990981
486265
12795263
3255586
3740701
5544202
1391133
1265573
2590527
12598083
11561965
9206096
553615
584414
753458
3637197
224055
14986918
19321523
11690730
2829148
1591198
1412152
11948894
591663
626893
3424898
11193067
6668656
7555779
10897763
4634267
2144377
597756
7678918
1226542
659917
15161124
2246592
16228808
9404707
8189886
372902
1591675
11271061
13871716
13303705
1370483
2867176
11554066
7495219
145211
7099196
12999913
1923862
12500016
467431
9320623
6336243
1179854
207561
14160533
11343052
13988617
8915971
778522
15405749
635630
442389
2328029
8035692
5084099
15893394
3984200
203784
18618462
1479856
6369155
2865700
2120103
1012819
14384380
3720640
1938102
2342497
824154
3622359
408446
8419715
12423392
3276644
295417
1714542
101347
11532843
1798807
3663944
14387737
1988376
9707278
1096358
648481
1485687
4994550
4579571
10580805
5465112
7758011
1065046
7439343
8256467
164097
2290731
1284394
8410275
3365827
12922770
9573591
570319
7547913
7444242
11803710
8503748
1339355
2193028
747342
4103053
2466802
10657687
9158151
1444089
8067407
840874
882339
382019
1926477
12036216
2694561
259969
4524086
1680689
2603617
6943497
8887683
1380626
3730664
6487085
2084601
10869619
14750652
2690737
2695569
13081374
4112874
10422011
8852708
376962
6027841
3500134
14196991
10028532
697567
5989621
10323352
706784
10256452
590820
11716824
2850757
1332817
6048194
832646
696585
3496603
3123896
5843683
2991700
13628783
5900047
1605991
774522
4123376
8975656
10015818
83758
5508783
1926688
9215233
1214794
16743239
6373334
7657678
2160339
6770413
566587
6317826
885576
3539295
7547414
8018891
6552810
5170426
11364210
1812925
4579258
2155303
2250354
5356923
1509122
10073234
804245
2614850
3080121
8302452
14163172
15530853
1921584
15890660
9786183
7708619
3781141
729373
8769415
1258241
1284882
4071554
12468893
649552
10667261
2663602
1970427
11722869
1217268
1588424
8294150
8560937
7599309
8537575
1231285
1624144
15906491
631269
2123879
16487043
8580637
6821912
6664707
841142
7485035
2012998
13036012
599256
14834375
943524
446625
586857
3946762
11481087
6252691
2914371
2191203
11438669
7200117
5008817
3631630
3381979
2867947
3975847
15434512
14428417
6103272
1417978
6291692
1805265
291566
5972380
5700885
421606
1409133
612378
944270
8611130
6934027
9163478
14834456
13321781
7629991
2110377
702629
1543094
424497
7641861
395212
11213764
5892956
358845
3050420
4484939
6377520
13353358
2470050
6881100
959418
1487371
387896
10838155
738392
652911
7466667
3717117
9775457
1061883
11974639
979359
7178719
6243043
2493682
5287502
2614003
2837040
6617793
10495463
2730758
5177433
1798064
3932339
12710175
11643469
130599
2664732
1339668
1543521
1575406
6269755
15271839
10814001
1341893
7354460
272990
7319387
3957406
5693560
6369805
8943498
1304236
13773757
15758266
1998649
2349519
1631584
466886
9905751
3486695
11119314
3086921
9977398
12967955
419645
2741517
3509124
7307952
11736773
9515421
8061823
1173699
3480797
1331656
10998945
12992070
14733260
10335837
4256676
13634888
574386
604908
3660428
5069402
2252177
2885647
1398285
2768523
4861218
3251823
3479661
2257083
717714
7655249
7023794
12756721
9071479
6797198
925426
8899878
5415109
10438723
2262633
2534137
10269795
3561983
832419
9415155
1930350
982911
12427005
1226527
9469508
4108993
2441684
15086966
8580275
15448011
9727084
1049894
9680963
279467
4548281
12142326
522041
15666053
5719660
2999166
1285616
1064690
706497
11201906
11121264
776243
10861895
6089664
2450845
501709
8568271
841372
12690930
1209492
1302368
10691006
108903
10730874
949059
139744
439550
6553992
13827055
9534973
4522196
2675747
7412813
12820554
2759484
18990602
969757
2076742
2817020
10933194
14858258
581779
1484038
7209967
1689100
2209944
3423619
7145662
10210522
862125
681227
894197
661827
2686711
16402608
12987616
703485
1429804
4579659
6266093
1133915
752434
7357262
3754571
10901037
7623903
4467775
794293
10111702
15251434
13673806
542614
1274725
5930884
2257149
572810
840511
1133897
129073
1375933
2886477
551033
7571354
2051020
622969
7018242
517484
12735784
14837980
1947505
818345
13177765
978236
10526907
6280218
533601
130613
9592585
15081932
354439
2641276
2456744
15691824
543854
222967
15369005
7748178
11164821
2018366
2490782
495599
589529
7534716
11858236
11150827
2352771
15040071
1537902
585848
127933
513729
6282577
16263014
6510876
6859481
1702540
2318257
1617740
5225125
13724059
11097871
1210992
3930707
5183783
539048
14496951
656520
2041777
3160664
3657262
19237184
5858674
2505878
2998065
5122957
1763369
7417054
7499370
13006487
782355
1063061
19779160
1183836
11104383
7752594
1807695
9151432
10970807
2294545
19586640
1080320
13701883
6985125
9574430
1218835
185752
3424997
7537487
13760036
14532769
15702482
2258823
13039191
520270
586556
3302542
485893
11819780
799951
8496276
10493391
93232
610286
11428634
6645097
8014474
10443130
1952679
484254
13116111
3125174
14473639
481486
579421
13183528
6580846
2677235
3265876
13819647
8380849
5403677
13383149
4424393
688791
860931
815056
6929224
8242844
799855
874803
6949644
3916655
563978
3116798
13991755
15991144
11406641
981023
4351091
2591924
4987131
519942
6540108
562110
3377026
4940803
2067422
1674949
3624619
15713390
254187
18637556
14245483
1976572
1612930
9438624
11392879
4353578
6472434
1681268
6683018
203064
17480941
11093492
7379505
2205694
13158120
2924275
5504428
7479684
3021489
12269627
234698
14365401
2361076
1838822
188264
3731606
8019278
8315316
2505904
2693172
9052106
14619446
926478
2509745
15551912
8998147
11193214
2129764
15155172
837081
138208
10301841
4085066
2901604
10079385
5837467
2969332
854834
2512563
7153346
597432
8503979
201642
1815414
237818
2937910
10977966
10394886
15724598
14773056
14135553
4916395
12221085
10141267
11252033
3175054
747271
9261548
3669659
2423680
6436231
644467
16306877
1785289
551369
1501848
14801021
2202310
11468744
1285733
7611549
2342008
853150
3440909
846367
2355018
9708808
10464741
1673685
3092638
3657081
8856510
168857
14126870
2649230
13601242
1766088
4733093
12561144
2315317
1336730
9318402
2614275
14053147
1866581
2788868
6453004
7402575
8422169
2779225
2971442
868521
2524864
2658643
14615581
4081678
10572527
13680838
8377605
2430807
2657192
2518628
573132
5805174
773439
883973
309466
7344586
3208696
2926591
1260787
14532826
1686310
567277
1298752
615651
5703831
11161973
1674645
1568155
163479
841890
6009112
11997074
11112398
8988903
15914399
3559536
703694
5367018
7967722
5563801
784744
13312057
13282541
1234694
2913583
7028390
230281
5940435
135025
2697384
10264919
2150284
1442650
3299112
3775648
9504258
14532273
14752898
7319683
10132398
13257991
15943147
11974573
899956
859311
9132097
178527
748207
15626075
1319214
378305
1179120
7254160
4930901
830029
5201903
8701920
2095304
2659502
1412350
828458
10746392
1171015
2126565
401100
826561
1622299
2008203
6960466
2122579
3431709
3807871
2285904
11343566
6445843
656504
2921289
5514542
5085228
6610583
434381
1244533
1980189
3950335
1940188
5573356
263229
15141357
6957616
12917659
5073147
162418
3429832
6565360
11413285
249026
931264
10891728
1597382
7564811
1625753
319173
8991775
5188600
5516798
1068339
2811833
8613774
4391621
9313372
1318763
1081183
10772154
5298163
760087
7982052
2273541
4739662
3927905
541335
3822571
6404347
7695861
19873983
4545011
11085776
2241875
1520037
2128077
5903367
3850387
13077947
1487641
197011
3434591
1220014
6552354
544463
7670753
1575937
913515
405643
823492
7050907
566919
852713
8281780
11420279
1140187
11705602
8350121
7071921
7130547
418009
3584689
6258294
626749
10887298
15936398
1597473
520989
228731
7738550
2058025
8876393
9848184
266750
12132386
602776
1562852
3954912
11299160
1387069
13632642
2591843
9212023
7250918
9364287
1673736
13476937
7648526
12156197
1433379
1387477
1991090
2152107
11226533
213034
1028760
1514066
5538389
959742
562454
15065467
3853370
5525089
9286082
897583
2377373
4299544
8306035
1869808
10797357
2633867
943827
7717342
3286795
2940353
9941098
2237006
596226
7627852
5091120
14767132
4359045
1172859
2293137
3333296
470488
2999744
731617
12116400
7211186
1363106
205015
659550
4390462
14624731
8979478
11497576
909696
8945536
2771534
1778737
2392780
1077694
2603957
4697131
2961079
11702023
15128206
12597613
1837486
8751313
3167274
784960
6289231
12679170
11547751
795135
12098725
2551659
781372
1944936
2630488
253167
12227650
927258
390190
2988024
3074294
8779716
7231633
10063402
9804060
962862
1872788
798719
446853
19952872
257477
498666
13278598
4861114
2738423
11125121
2071967
5233603
517565
829260
7418211
3412959
2407124
618165
5506710
1445857
666089
11434263
2727838
625647
952496
296095
5985667
6104788
1845809
2289863
15962116
1162182
3477832
17286502
2055419
19939685
3944829
10931903
3527812
391546
10144708
15824486
864134
12279771
15210403
12935520
4626636
976410
8811509
299904
2251005
14439435
1728476
1571279
11239324
1351488
565859
2520612
2817850
1169958
11255261
2066855
1724526
3057354
1875424
797224
13110996
10423584
12823835
650134
7550226
1449298
3083339
961028
807200
17676898
2597594
1161291
7219023
502783
15732096
3166329
2928207
8307229
142977
7385344
967122
8868028
7080834
1787682
2181532
154173
10552819
7486608
5783870
1993527
2639969
5010261
11492032
15678720
6875671
13073472
15867711
9019326
9671584
534264
1686457
2152217
9551955
833663
3967793
501997
2723503
5253896
6113934
10253736
701337
11298354
6364235
982096
743545
1527397
802443
3978388
2625421
2838458
9290414
9224443
13871258
994169
6238825
14635928
6034730
393277
199149
301973
6605852
1537819
1225332
658234
102476
11907324
1374040
7822063
2696709
854529
902333
2494663
64580
1922755
1784030
14856104
1669194
119089
5202224
384888
10313714
796309
1814103
6271957
492024
306477
1070367
201726
4666044
379162
8692729
11204218
2495594
2175750
7861135
8910714
1948583
785817
3792631
15927555
2081164
7307967
580114
2254083
10338115
1699459
8395049
19582000
8884221
2696072
9356576
2690188
209455
3626542
6289051
1677586
3954032
15630312
712539
601909
3869949
434618
2377240
1615898
534256
302308
1999761
2619288
1750408
14535464
12652484
933520
2324774
9296260
15537805
6751287
9786129
2627429
11801070
6023142
400988
6969330
874130
1463609
2433840
12394296
483262
170128
838881
2332485
6866082
1647750
340243
13995663
5606584
4874742
729162
2586633
2186217
8955964
12109836
243881
205641
11517353
3113061
507164
14900073
1992128
2562328
3259335
10011281
14134647
19197166
10400417
8342472
12393852
14944241
306912
6192173
11878850
2200917
7767271
932922
1473354
7031239
2104310
8731402
502195
11122067
1590844
3919331
13113777
1662018
11536998
464645
4794288
2629574
12015085
2702255
983485
2611037
190508
2699291
18431946
6033600
2689667
6514168
7186615
1873381
1994275
768743
6665094
112830
1182456
1699540
688312
503413
6088380
6743854
1803202
5117181
863030
11802555
8744220
8969890
991499
1002478
2761023
1244768
18596687
8512973
1528607
13041734
2213219
5603538
1458847
911010
779942
890608
10233047
2758835
6748425
4701950
6728815
1699430
8170634
4739637
13715237
575424
8507365
507062
1355981
13282302
556844
984043
2840314
7966967
9549493
8143390
1010876
11391596
1783356
1849981
2083902
1872799
12227895
6357186
2965224
4458556
492702
3257043
2929901
14698336
8965668
5633599
721334
10350622
2738954
6224803
11222616
14418383
3475032
11935063
1085369
9217082
5295959
6351241
1679917
8764043
7555632
2380883
910028
14851288
547897
746494
9120626
1216111
511554
771517
4220797
404184
477662
910652
2207007
5429254
383498
416193
13279604
7261522
4443252
2671839
7329693
2472869
2491769
1788658
13316352
10004171
5943689
3643692
1398819
3567009
12675089
15510296
487634
8260552
1360381
7634236
2369727
8587703
615430
2996575
9477219
829702
1310474
7930748
2420833
14373253
3277862
582196
4544754
1810384
7600159
743548
10269215
13429956
5101541
8168836
13290907
2372293
326317
1997178
1708553
1774824
2728828
10398548
9598617
2447402
716048
2616235
1453529
740256
1354127
8370796
1237262
7183452
9581845
11319159
522685
503880
432996
1834749
5441253
2568175
3782347
2520742
2187047
11901012
5704801
1659261
1368441
10330334
11856375
7509619
1746265
306637
8506667
4021445
807309
334327
12534557
2824893
7877598
6350137
2468048
6441063
6789408
3412893
6084215
19006512
10585961
1459861
3544439
4276182
425381
572967
11084527
957581
10922403
354449
2114017
110486
2637384
7317753
2027673
2196310
17526125
464761
7490390
4774266
2284526
2431880
11952586
623491
14014212
6344326
614796
3700956
18263313
4062092
11149377
842118
1844520
261872
11476161
2220850
14478659
2551389
1999142
10432420
279841
9736813
6217575
2899987
5172700
1370370
1683044
10158231
849402
149075
11696660
3748723
16358102
12461838
13652727
908353
332184
149270
19747704
244675
15952699
2871278
1453125
4835191
3086805
7171614
215480
12634803
11587616
4731455
9331229
9831954
1618990
12258685
607543
3264535
10424522
11304895
13074656
6653628
1547616
3499860
7985989
361271
13791678
1999866
1649543
13374624
19787111
2361287
2408756
10875531
1490562
1268348
6189146
2765959
7906792
10076465
8009601
7267864
1835454
13050832
15943757
1706329
856694
1323396
12277099
8061937
890210
13068051
907211
2866700
13826369
3260831
2064737
11198188
1072130
14080482
803890
2789879
5393837
2846389
720086
514238
15976810
3689244
1122014
5555460
2874340
6971206
3804540
2181417
112311
590001
2410006
4872249
2870950
1152638
2054992
13386610
3035956
12814856
5204410
2559067
2686178
138570
1164843
8642106
780227
2864245
2291172
1234175
11501112
2595123
2309340
11287168
9355287
5117296
256371
849758
10472917
454310
9760618
657988
15278987
2103061
14691298
5488476
219967
177470
6586236
2879360
13028642
11652080
10313952
1005632
11644420
239145
3021484
11571075
7051850
6846579
11144439
305674
950693
19242043
11872587
13009556
173498
12336271
1814422
1914720
5811926
4471527
1102241
6673098
9870460
759675
3524695
210600
552554
7535076
3791714
14687187
260927
769349
951742
7106572
18612673
2092675
15235597
10705606
3372961
11876813
907475
1185317
10908439
6076528
878843
6509672
6061952
9416056
794338
7525512
1867532
9139088
1159151
2161392
8877255
1290454
15834395
15807053
19985147
7341809
9405154
4107909
10912559
11976497
11669062
7785236
803767
427235
4872835
3324331
2422674
19098315
2666164
679315
14257350
94502
2683241
15966561
13188976
620130
15288877
11615570
2409453
5572448
538084
502620
1881938
633355
7126466
966397
13314101
12515505
119147
13216379
2286575
8395807
2242782
3553364
2611021
8019628
1524466
2338482
6840929
7847299
10909143
119517
1708894
8187571
2108201
7712197
11667203
351999
796951
12191967
12323056
5513918
14267902
6305846
1700944
8197463
2194023
2151204
430986
1485477
3560403
9674557
2236710
16421116
716032
14899240
2523534
61335
6239912
1108678
1896975
9839999
2318114
5602332
2489160
239143
826683
887068
2924858
6979891
5185711
266774
6351440
1911290
1767780
916634
2276508
7077074
377215
155307
737134
338303
4012383
7887265
931029
877350
2354327
9129485
985973
377137
5136166
7171599
941389
1576556
416994
2063575
2912414
11175099
2909951
13451294
9223327
1863154
605992
11173785
6082520
13718430
6127450
482076
2142163
1486433
13374883
1659555
19153967
1921046
3064632
2715315
1598261
7435087
2578205
1485179
1479172
817783
1795457
695212
12987201
5793122
19635594
1137229
1535782
8555703
7867761
9992679
560833
797839
14301247
2697091
1754435
12312281
6611705
5720687
683828
19497562
13074152
12989674
2398569
483490
1552951
574648
6559097
3784270
422161
1896220
188496
3156360
2731364
14014071
1978546
2734952
387949
14474316
3671252
2427804
9070688
686519
2372399
3953112
14022724
8849220
11479885
5435717
678856
7996357
507866
2067265
17069995
8016894
722320
2109889
2929716
2749724
10962822
17909012
626420
1824200
15357728
12255286
2384516
6247608
1772202
312136
809737
14794728
11757743
9428156
8471729
1673176
6416207
1405688
2310002
10993760
11230607
10881951
8867869
6929991
713300
2114551
2999461
3960714
2798440
796474
3610847
15639151
6955309
1813255
7288738
1684151
1090776
894214
3591149
10161803
304305
10242196
1965468
1709944
55403
1265629
13295052
8538199
423043
7152289
1438046
1877746
3323018
615434
2544758
915364
6667833
413856
11041401
5381748
3384537
2067447
576272
15894019
457506
1488860
355493
554787
2699730
16310796
1741761
61065
5642261
9088696
2877380
7657432
2130815
9265593
2466679
197248
8665946
6747277
3453333
11612912
3483710
5903649
2575749
3958698
12769014
5015307
11969982
1305262
15891351
125912
7988162
15380839
3539182
2304908
819770
124114
2161745
12693290
8161133
945036
3427274
12172020
863583
348664
15472955
1270034
1253778
12182848
10615392
7586332
11928489
11435178
4495852
2442560
2178379
240636
7636509
1427633
3460082
12037119
1898916
4372337
18552637
651511
2024203
8685570
6478983
4097937
7991200
227712
6441121
11168509
17238515
643364
15366645
2062722
3204949
11464108
5612810
1584827
468160
113797
12344980
2577729
2197308
2378460
329595
16927613
465220
9707991
621082
12876609
5004937
2586932
201142
2282249
586798
11303154
658016
733935
3151597
13313216
251985
4654600
804758
6193960
11815953
12172184
8043430
5961825
4423273
91152
2945918
7606680
1814734
12708574
12031491
983883
8959751
4086379
7387171
1036825
847967
2563933
5439095
7270749
1041656
11758904
1865968
2070172
1449754
5326777
12224461
1164258
14441293
9784535
12749502
2245166
6198023
5419526
1731900
1115653
10294094
1223472
7246344
514686
11436411
2690047
9079519
1257784
1546016
1910618
166439
5682377
16043060
3455546
1238760
2364529
531287
2788591
2734938
7745496
1158358
7395053
9612053
2508199
10043637
2969857
1713339
2790132
7031315
607602
11477510
2987510
2983604
4892108
492540
7765193
3651725
339091
6385354
9120580
2352071
1301896
4089998
1202676
581357
2839438
14712888
151303
9192572
6314105
1257568
9074209
1005837
3969411
958077
9915457
6864246
18291899
1642144
90125
7624344
8283856
8334947
2589625
2735637
8273893
5708440
15084744
2210057
2455885
2404988
169711
6265391
816801
18827332
1422892
6625746
893601
15518337
873603
818039
6648344
516651
2483968
292990
7981112
18130809
3399210
1079404
414349
3060348
454789
19068500
1421670
15257161
393212
8959262
9942060
285669
2788116
2860721
652172
259385
376154
9780420
6069868
13707900
570917
11409472
13886588
589022
3777007
1519720
2921191
67896
7963740
638395
734195
485587
12984019
2810378
2527538
15486777
2769026
610358
601407
980123
9255043
2893719
13847864
2238928
940485
3791244
7066995
1614288
4822375
970910
434515
356992
4495510
7321748
14906295
14117832
3160664
9598359
2729959
5300333
14670320
670854
7404329
341634
802799
15912878
758790
5039153
667822
9405489
2387051
186269
8029411
7067988
3932399
8765939
1701109
612243
2955095
109150
1188043
2562820
7166464
2644683
2478642
10649001
3971377
2712759
1966573
638550
3330562
6565597
2967316
1767729
153850
1419801
9675479
451724
6820515
7403119
5135502
9329504
17573041
3558906
7475781
598894
2936934
744842
6851984
189602
2031699
1771364
7672398
453355
1266268
6051480
19327482
669533
6874466
11083441
2016381
7530228
8793033
1730921
3377380
153136
15537689
1107652
905563
3487648
2572822
1587231
8241180
11462735
6947810
872039
290288
543592
1314806
482441
743641
746308
13485554
6596648
2663396
15759639
7306344
6427805
2355723
6790068
12514942
16653944
1726607
1147643
12790683
7071943
1270399
14493506
3209579
10632228
4414556
2915756
1941527
1870037
6249313
14468010
1696711
3514300
521128
7987767
7091878
6494813
15494922
6579185
1013272
1203271
3388821
9337821
9161804
4995447
8534252
998832
7515550
2145629
2748573
12601913
4824476
648901
14841955
2801395
937670
1864359
2491035
15246253
2495199
2218511
6274162
13379018
2139323
8983524
8128360
3388965
5669253
10597075
6604370
652122
1107506
13280380
1882462
3986740
12658715
1659546
2440801
2535965
896769
1056109
310823
5480099
7128461
12851879
4394785
1331423
19981653
17182561
7279266
1134781
1449338
12619563
3230333
2599486
2771684
18424059
8952087
2508764
983536
6542971
12987495
6639585
624473
9453170
7184995
5065617
1605293
2919902
593815
4669207
4152516
11017180
925449
4430729
6388388
7886616
570718
6525841
12728382
504568
8640264
13779683
15852925
5188744
3193639
7180724
694291
8142832
861886
5599827
19986262
11794155
11288452
337360
1805529
7988468
3922859
2244867
1985598
14677190
12233212
1380458
545523
11134124
5620894
2805345
2126401
10536395
412555
673792
14116372
15459347
12413066
8623439
1639230
3803562
9069047
15970577
277070
3438262
11279282
7938301
2581705
1498155
555346
3795332
2469678
2873977
1434514
674324
838411
15038137
1592291
2656142
6974328
8439885
6032603
9015601
11644795
7549077
7998157
502929
2806015
2027874
10134784
2936040
414976
909250
3891065
19122883
2061985
1428110
2990320
15874154
797133
2641988
1098933
5961723
11577006
1160963
11265750
764743
2984755
1760216
15126743
12839646
5344058
11477684
2317437
6636166
358157
435833
7978077
6096393
992540
2392312
954664
998943
16942593
4176071
4114707
462206
50059
5227311
9717038
1550351
1320435
5136758
1887694
3078343
3243362
118771
3067515
13947860
284707
2368824
10612826
939180
2877665
771295
1135178
443052
2813200
546620
4587421
6721156
555269
707804
10231332
1083775
1407761
3149526
11568273
3090391
8870175
8136390
2270068
17043294
8334513
10886357
18198065
3671049
9872449
5926364
9549218
1474133
452132
7075025
6747390
14334398
17097976
10371442
230117
13942897
2623571
348866
957602
5074859
12706218
1642158
1117032
9399835
931981
2265984
702044
827310
3429015
10213492
2689520
1193753
2982655
7607120
6037587
2874749
7011036
16575872
1941050
441988
594748
10569512
708861
7306272
9580450
990277
5216886
8161398
19511951
3283574
8431427
2105142
3426820
720578
1616771
7804725
9486898
16845328
1020726
492069
624390
2862034
165054
19683602
462466
2782695
352526
4765643
3791226
707042
139239
833448
3381490
83453
301088
584985
12246211
10997958
96995
601676
439795
10858834
9467483
1845558
452111
2605973
8965048
630208
2668984
9432806
7812739
4679056
146620
581831
2195316
2988607
797968
6746922
866201
672413
3378989
345925
1656805
12256219
12658411
920881
710200
11705360
377128
7199284
4156576
8915263
9956196
739926
863742
972514
1272764
101284
6215970
1762860
10109323
828749
2812942
10869380
11940684
7825333
13594211
2407598
13703314
2868784
328802
220944
1884152
2143967
3989393
461951
488306
2023290
1383475
2854123
1033679
19021460
1224034
420553
2595941
13463777
14334703
14557076
2026887
7239524
1722867
13892903
2536663
11350591
6898742
970511
401579
9376662
2033242
11893251
11510885
11397494
4951273
2891289
6888548
7207467
91148
3973793
7159487
15838967
7679563
224967
8689698
1856851
14765415
226968
272050
176306
1770854
794267
3466291
9989680
622693
2564927
12836451
14703244
10831206
1171794
1089276
6509672
127530
1873029
6931086
2777962
2485986
1686080
14459320
6565460
2274286
976537
7010213
14485618
6173284
6845233
11672381
15004182
11857545
1574455
10998685
4223573
13918032
2350197
7162811
7224293
1332249
6946492
1844337
3810969
8552539
2948407
1289508
2128424
2138660
217095
4093371
3580843
16788271
6107203
2176797
2502550
11716889
184096
2940776
1515818
15227647
7477450
9157490
15095279
12242255
768626
9223119
2375470
2409281
14968767
13698203
5524123
995385
8982178
14724234
8508887
6735312
1887556
862053
11954921
423372
401060
1228816
3203292
14972387
2997455
11848015
5156316
15844438
807207
88105
631960
1259439
574501
10292123
402360
13217060
10594872
11008222
8766509
5318318
2184359
2424689
290013
874444
6561487
2824890
15769273
2659363
1696848
3291951
11964890
1994961
11951623
1768975
1744949
13131214
3019102
4395402
835039
12223248
926241
3777894
7305529
8894523
1966897
420148
3812712
12876636
928960
333103
2346536
1249285
11496566
1063112
3119537
2604857
2014141
499344
2841756
14700013
1791492
1393901
3285783
10754966
7618007
7820928
59175
376763
330274
886866
2930187
5073352
2394543
1893246
1976725
356860
1274080
1610341
14439813
10527291
2425994
515420
978697
8544265
2944700
7103139
10914467
7764992
1642960
8449579
257914
12926522
17821235
8893144
6579067
4826580
10640448
2883385
7855579
2797974
7316458
11371731
2484055
2047388
999451
4386773
137188
1147048
3996917
2681795
7582152
1524184
2940414
17740856
10603159
7477582
8384588
9629686
15371163
579569
201630
2391739
2667013
1918014
310859
6277156
3699718
4930697
3545051
15568593
3995532
5680727
14973287
6598139
13811984
1014818
3636472
961537
7165583
15117730
11300947
1475891
12087612
1661610
4645038
9942586
186943
6429170
4573583
7937501
2876219
995553
6249799
8795246
2838700
6068106
2357221
1204078
750877
14046369
1032697
1942405
11039465
4359413
862426
1522039
11566201
7317576
15538727
13147345
15995769
1671967
7921081
5464748
859885
306661
9936339
613955
6718565
536320
6365282
15016469
103014
14444665
863117
2088339
3326998
1149080
17270706
2857271
11048700
324174
1733160
3793316
3717178
2921620
8694037
2822113
780258
7962008
9634394
1947366
8687293
4197225
6176414
13286685
16445382
13615851
2440948
610190
11685291
2368183
10147512
7882161
6147438
142158
2604779
1508394
2899419
615120
7026769
7268968
7397479
2529876
13198994
301952
