391435.75
1042891.39
13952584.91
10669200.57
522392.10
2521009.92
14530556.10
2405930.57
3023290.73
1160057.46
4486023.68
971339.47
909313.00
1.7e+05
1953335.85
263654.97
12255957.84
7984301.00
260039.68
3968389.38
3904061.38
5184366.57
4.1e+05
624139.24
4751156.39
16565897.32
6083372.91
5624167.17
6e+05
8476892.90
9.5e+05
3517351.46
5333308.12
6923684.50
1e+05
18634363.29
10958325.27
5.8e+05
14700860.73
1363457.96
2.8e+05
6054641.47
1262919.96
6.2e+05
7765179.54
13628247.13
3784448.20
4179417.77
10172939.70
1439477.43
1176903.34
1928317.07
8189936.46
4152261.18
2985401.75
5608895.47
3288268.35
5.3e+05
2621502.92
4626306.38
16516906.25
7007617.05
18840590.11
19974769.42
684135.17
2803658.83
682858.26
9159431.43
13135471.53
1865268.98
3255189.72
5.6e+05
12559514.54
4251264.30
1287038.12
8167455.49
9798080.84
1642494.44
3460925.58
2417988.10
4742972.86
5182823.25
5350856.59
2994074.02
5799368.71
1864151.06
5333189.59
265417.45
2.5e+05
107341.42
13486933.80
5462536.86
381374.66
10047026.98
868641.48
9155249.69
3484553.95
9.7e+04
10100157.15
10454814.08
8372858.90
2490125.55
17839009.31
14377700.90
5.7e+05
15539997.14
3673220.77
2277021.25
288092.68
2302020.11
1690851.00
3380004.27
1702437.61
4.5e+05
8884269.64
3267020.57
1007711.14
1228722.57
2.6e+05
7389955.04
1522122.78
1.7e+05
17003239.39
1777244.44
6010670.63
2663761.54
3341047.07
2226941.09
1066024.54
14345404.43
2.7e+05
549371.88
608550.60
7749295.17
958638.15
3.1e+05
2241833.82
5485074.21
2729566.79
3410743.40
9812794.89
9650874.06
9924762.51
14888146.82
7433867.58
11229260.44
1853840.53
2542849.65
1681010.66
9.4e+05
794563.32
1471523.49
10828669.07
7706864.89
5366961.82
3558530.75
9401284.43
4301398.26
3332959.55
606693.49
12942650.81
1259661.75
8389168.50
6312524.36
1086865.31
6487916.85
6109053.97
6149897.46
8041767.47
14188608.78
10508323.43
6.5e+05
1452525.50
1694081.22
1061886.71
8.5e+04
2361951.24
3744754.58
2930706.13
16466445.50
7675423.22
6537897.40
3892844.38
12338744.48
14091007.44
1062743.88
3013339.49
2163756.59
1277032.88
2293324.63
4102350.29
4.7e+05
2.8e+05
7934943.01
3739038.21
11854365.98
3018714.83
4.6e+05
8.6e+05
3711711.19
494863.81
4080022.63
8412484.83
1356856.41
9e+05
4538109.91
13268829.98
618273.19
8162771.73
5501262.92
10102064.87
7.2e+05
1264921.19
7621999.33
1817107.94
15252386.39
1426661.44
10494907.25
4074490.40
5.6e+05
4616243.12
10830128.39
902230.32
757436.93
3368760.47
5981258.52
563259.06
6426300.21
4288892.17
14582404.25
2001587.91
2611770.55
3744376.78
9690203.25
14081680.84
2726241.25
2658584.09
1380093.45
12584370.65
14504107.97
2370068.07
10258967.23
2016060.48
2469611.07
340693.02
2909754.59
4940086.23
7781108.38
14336683.96
10441726.49
9914841.31
9347505.26
7993194.41
14770592.48
12408795.43
3129050.86
7.3e+05
12077881.44
9244631.40
6.5e+05
2828901.45
8.7e+05
1565133.01
2719150.68
1500338.26
6618204.88
6556418.17
14526675.99
2690126.27
10985166.30
18627812.09
2855556.59
13833623.95
1289763.88
5250756.50
8511531.96
6697587.84
2164224.10
1344997.62
11590782.12
1.4e+05
12064043.07
2351255.28
6546108.71
2860552.68
3.5e+05
477766.68
1329366.99
4617237.77
713909.62
1138402.37
10815527.01
9842961.52
5698197.74
1781981.72
1422256.84
4727984.71
7397966.08
208925.86
2486169.17
5108687.55
1910382.55
723023.93
7651441.51
1649878.01
1707270.00
2492529.41
1377819.19
6917430.14
2562371.13
15759255.85
9516139.08
7787210.66
3928296.28
4774323.98
1.9e+05
506950.74
1699412.64
3751225.27
1671378.17
1429342.02
3597570.76
6.7e+05
1639999.35
18603974.76
5368597.95
2616484.36
412778.02
7.4e+05
1552375.58
6838139.75
4623734.74
5603952.26
1171146.57
1905216.28
11133327.48
3016125.05
7171747.60
642958.50
139747.03
2462844.66
923833.77
7152109.45
11198047.40
1162038.29
15736182.56
6024976.43
13894212.43
7302508.00
2952284.74
3911265.90
3768302.42
2586366.88
329521.68
13162238.31
2950782.19
1112725.95
2727313.44
5434022.17
15849150.96
7447227.04
177732.47
4865460.13
464588.01
1217112.46
6623009.94
12197438.07
9866672.70
7862491.31
9298264.15
10690339.02
6834537.74
5910915.20
9650630.14
952627.48
3772457.73
1974465.65
2607195.15
11087156.34
702444.20
979376.26
8605341.98
4520855.71
2644778.82
7019136.67
11078850.01
14380955.58
17759886.49
3591009.35
10281393.45
2695112.49
630113.42
9217259.40
1724777.87
2747898.12
14037150.11
4909647.95
2917648.92
12191320.42
2059650.85
2780757.43
1359845.21
1975683.19
4779343.90
2584533.23
2511094.17
10033940.38
2093682.64
2.8e+05
2630286.06
865250.74
1499097.74
3345826.17
10689067.20
7.4e+05
13089962.37
11802784.81
2897251.90
10198285.12
8080036.37
10424927.87
6198176.31
2901057.81
14721966.25
3304269.94
2222562.33
15014028.27
171257.26
5029178.36
1664136.34
7685976.57
2984043.89
2216211.50
3578697.16
6865205.56
10917063.97
1121367.80
3794786.37
6109727.47
1400245.19
3241208.06
1153957.73
13664402.66
7.2e+05
2893894.58
3861079.80
2140227.00
7.4e+05
10859144.78
1996313.91
2831875.34
18214486.18
3701793.92
2794580.85
2602487.54
1.1e+05
610152.09
4771842.42
1981490.41
2830110.96
2755779.61
825092.42
4976244.69
1427618.67
1865053.97
6.4e+05
4773057.97
331929.50
1896305.05
6.2e+05
2.2e+05
1644557.35
5653982.03
1484283.86
547478.67
10009738.45
597873.27
1762429.36
7852689.02
1981967.97
2849678.03
9594459.55
10001604.85
8.6e+05
10995667.27
7e+05
10215126.38
7177562.68
2328860.89
1428460.22
2628147.82
1078916.16
1087331.88
19884387.03
13347394.88
19872815.06
4685269.38
2497446.25
2632185.46
1946948.66
2701335.54
1657894.58
3756526.64
15181705.25
3474167.65
12892934.24
9386583.27
831370.65
1491162.45
15299453.40
9.2e+05
5163506.88
6646747.65
6904109.13
10399544.47
5492767.06
5839608.13
6583426.19
4385764.88
6551029.13
1057570.09
3502353.77
976796.58
2969805.69
3.3e+05
2725237.84
4933540.92
8637489.41
7781261.54
1176107.26
1791045.22
2864641.50
3103717.46
4782720.39
9796773.13
2535269.21
515321.83
2454109.53
7218607.62
1752358.18
3217347.70
1087256.49
3987633.89
1794557.81
5.4e+05
1073943.10
2837341.01
556103.29
3352747.25
7998645.51
405730.13
1901661.87
1757605.10
2558256.20
5153428.30
7818383.82
8438165.34
8062879.19
1631326.39
130291.02
361552.30
1508808.29
8.4e+05
11680640.02
5691242.86
1785436.81
4.6e+05
2298968.57
3330117.08
1359212.57
8.7e+05
2618401.24
1723549.78
14859401.93
6778043.98
353076.31
912211.24
3457898.15
2064791.82
3641275.36
2.1e+05
1593310.63
7075429.21
434240.31
1801020.48
8.9e+05
2642882.96
360981.70
264212.45
1446064.56
5.5e+05
2785506.01
5991549.46
1584254.27
3116968.01
13061505.14
2050146.17
4635937.76
2229700.82
305421.21
549063.77
9242066.11
3964990.11
10983362.36
9585597.76
2719316.71
9143171.21
2952015.64
2045580.88
11432011.96
6628992.14
13539551.83
15800773.15
6156736.92
893541.39
2064429.10
15557150.24
8869645.27
3.7e+05
1.6e+05
10121748.32
2157105.68
3087591.71
2921155.65
7590551.97
1635253.64
1232060.04
6271541.87
3657618.27
1447552.00
3402006.77
2.8e+05
6588206.36
14226078.28
13420409.80
7.6e+04
3614217.50
701948.92
5660242.72
2147249.16
8.7e+05
9829430.86
2131443.91
6503438.20
743045.52
2.7e+05
3909339.87
866988.79
14790901.14
2.2e+05
2638757.33
9.9e+05
1.5e+05
10827901.40
2545724.21
2033071.62
8.3e+05
1660469.37
827368.64
3293817.97
12935175.85
432712.34
6.6e+05
1752530.05
5603441.59
13418199.84
5713584.61
11609428.14
7112071.64
1.9e+05
2003307.26
406483.60
7133209.03
1982001.39
514959.22
8120977.77
2284733.47
591241.95
1084263.54
5048689.03
13570807.68
1383067.61
1629248.69
6305255.69
3443695.66
9.5e+05
10255846.15
1.3e+05
8526816.55
455702.35
8071377.79
2482073.16
3450987.54
12846314.77
2104105.26
2896896.19
14439114.04
3144438.61
14887105.31
1120225.21
699071.77
1876434.19
7215408.77
2496739.14
6757355.89
1600927.50
1112999.73
2407345.09
330579.18
11098698.64
5881671.15
8504550.97
1747924.59
8721492.30
1556756.16
7567057.41
3611715.10
2093479.51
2848646.90
1634710.86
9636680.70
6671586.51
2263179.66
5.8e+05
1647145.64
7037369.44
4.8e+05
2469105.66
15254064.30
7000098.65
3721655.97
6724726.55
7.7e+05
9.2e+05
2918687.46
1616870.37
714440.20
7379984.09
3544827.12
583854.52
3468989.64
1696906.40
7391803.48
6293360.35
8157926.67
13751391.27
1383160.87
6649447.66
1927250.99
1586430.77
1155408.77
5728923.93
3273859.84
9.9e+05
641651.44
11976205.85
860990.37
2280279.03
2046283.42
2306290.35
6707742.70
2253015.87
1.4e+05
8574456.15
2895539.41
5796624.29
1919821.47
1531422.34
2649738.65
3889121.05
4463292.45
1441349.99
11243025.89
1930166.81
2628095.78
1529962.63
12346186.21
15481138.02
2349656.93
10241300.43
865820.75
5417605.34
851002.16
924821.90
2537987.02
12301795.55
12892935.69
6467902.95
17262500.93
10215889.42
1463000.61
3625975.13
3940654.54
13792700.34
1055917.72
1907617.62
5069675.03
3.7e+05
2273251.51
2982698.56
2922399.11
9002737.99
6223531.55
523140.17
2449223.63
847458.10
1566552.86
7623420.49
430985.66
713816.07
581651.82
10215672.64
6920594.39
2048200.85
12362958.34
411992.75
551539.48
9660071.72
8.1e+05
11412372.02
2437565.42
5739299.67
1.3e+05
4293452.01
3060986.99
3798413.85
6148695.17
3239871.39
538129.99
11382543.04
8128505.72
2982175.34
1943113.32
14632176.43
13436222.11
8.1e+05
103103.55
11521574.38
997629.26
6006447.20
2839809.88
280968.12
14086546.17
7.4e+05
8239637.37
7491235.88
3170191.79
7.4e+05
766098.10
4742878.52
9351683.67
5571388.44
1.8e+05
2066404.05
6.7e+05
1693187.30
5334844.35
322155.18
985119.86
543720.00
4121074.79
1728646.62
2144298.38
381534.08
7293422.00
8562405.21
2756248.76
10253874.09
3592053.85
1527456.77
11539285.37
14814605.63
4436900.48
6.7e+05
6047330.74
191615.83
357011.62
981958.16
7442685.24
8e+05
2951875.60
1302058.81
6161861.94
254302.98
9973238.93
2521820.31
6666451.36
8.9e+05
8137041.25
4.1e+05
1867875.94
1083903.33
1759578.14
3.7e+05
1108317.20
10698374.12
2444928.85
18010611.66
1396586.10
2251880.96
3173280.15
1606211.41
7108562.02
369116.33
3.5e+05
11121740.69
4.5e+05
17962747.34
5039572.91
11581621.88
2117320.78
7.9e+05
3026450.49
3581847.40
11636920.25
1959146.49
5591762.97
606455.55
3591423.55
2713956.22
2667999.26
7.9e+05
2.5e+05
15072306.64
3637627.68
2169054.02
1591493.40
4454273.62
4351271.33
478735.09
14710296.62
2778031.59
5471005.33
4303237.30
2850168.29
3029280.60
2.1e+05
6517378.23
7106466.91
291050.66
3827924.78
6764076.79
9e+05
5683025.47
1.1e+05
7475228.33
6360215.23
10810111.94
4019975.80
1228623.19
11618233.29
3192862.18
762505.60
8834018.70
2743329.84
13138110.97
3900795.66
14635473.04
1974636.21
3168663.13
4.3e+05
17413832.04
1273892.13
1348053.75
5.3e+05
720984.62
4010377.55
1184822.62
7359692.13
5817846.73
5321354.81
151337.09
11985957.09
2676104.71
4547547.43
5888764.35
2291647.98
2838091.13
14103927.31
7105484.10
659569.94
4.8e+05
11930954.04
7.9e+05
2.7e+05
7721565.54
4234944.78
5.3e+05
7336795.06
123431.70
5924357.60
13571905.38
11218868.56
2938717.64
7407138.47
1704498.96
876613.48
1247359.04
3232750.51
12041414.82
1.7e+05
5434433.77
284614.06
9809222.36
2029510.12
877736.70
19218353.71
435859.79
8167063.45
2.7e+05
14623443.41
3824346.40
1787340.20
421538.57
2671922.48
4930016.88
13620097.91
4333039.02
1.1e+05
9585215.39
7110707.40
2391816.23
9e+05
3.4e+05
1488898.66
6.7e+05
3012409.54
1849686.96
18290608.35
10215805.70
10900323.67
10001095.38
7.7e+05
14630638.35
513305.00
1622341.08
11199377.12
15517808.30
1634800.78
5694113.52
2555197.41
3932858.04
7707610.83
2.3e+05
4686697.04
6797650.14
2454117.97
2159454.12
215594.34
4325815.57
18052429.93
3914583.90
1386580.21
1110016.55
5.1e+05
7834827.94
1320116.94
5912635.42
460134.49
737751.96
3978781.28
7.4e+05
11720299.51
9401500.68
1502059.96
4.5e+05
1327303.25
12746275.80
2200210.73
1254388.79
8430033.94
3.1e+05
8.9e+05
8262980.68
1672618.06
11414588.19
2098555.48
957633.94
2974433.57
1635125.79
16777224.31
5687103.91
7869429.65
3929685.61
1662302.91
2519297.27
801024.79
6866652.78
1644358.11
2787827.52
9.6e+05
4275049.21
14299798.83
16434379.01
1373309.18
2474605.82
9386282.04
1560064.62
9.2e+05
6164994.85
2411356.67
13384467.38
1717861.81
4.6e+05
7042271.70
1596924.19
2385483.87
8165139.00
1424334.91
2742468.15
11524441.86
409576.01
12947537.59
4259976.25
4407023.86
2.6e+05
1598482.84
6251772.73
4580363.88
2976136.96
13050484.63
4.8e+05
2318772.92
5871425.50
4897532.48
7146796.41
480969.32
788463.86
8.9e+05
8.8e+05
1000452.80
13447642.35
5665175.28
1602978.05
7138781.77
13001398.55
15095635.63
2626534.31
4577808.83
640981.61
1584479.55
2328253.94
7186421.47
1222600.27
4143349.02
2345503.60
13647563.72
3058422.88
2863096.57
1951269.35
15086035.61
1413985.90
1782161.85
2.1e+05
14122736.30
1875086.44
13617308.62
2.9e+05
6464062.70
2385509.63
1989032.35
1035630.02
341272.27
803866.70
11240731.86
9090380.59
493983.84
7379820.39
406554.53
7401697.69
12040445.44
3803991.22
17515823.49
4356610.21
268856.51
10630268.73
7922492.60
7430821.04
1.4e+05
3.1e+05
2901673.74
12890179.15
2700522.87
4354180.09
2.9e+05
12190085.91
1053490.10
2370241.43
5938461.16
3803917.15
2779167.87
3.2e+05
5.8e+04
2248094.19
2353081.84
2925024.36
5610323.90
5190185.22
2224020.73
3490490.66
552759.70
8679627.02
9.5e+05
9178469.83
10910655.48
9943219.67
2579467.94
12367816.85
2535318.04
4.1e+05
2514554.71
1710872.51
2573646.21
1115524.57
10070022.67
2934335.87
7875847.70
2132968.41
1304480.39
2409471.44
18945736.50
1.5e+05
3264673.72
5.9e+05
822414.11
2893446.48
2.5e+05
8.8e+05
4726934.15
9e+05
4615319.03
4619237.39
4054877.18
8.5e+05
8.9e+05
2023823.34
2898575.19
11647289.86
6527993.40
8372370.61
2264570.65
1286883.30
15529565.09
19555411.44
11746632.04
2943791.82
12284805.64
14258689.16
19032776.93
968027.40
11582641.69
3622169.49
2957172.14
3390551.23
14996918.03
1838788.39
8.8e+05
9.8e+05
543373.14
1258908.23
14235410.62
9.9e+05
407715.18
6201658.26
1965973.89
5.4e+05
419826.97
10506685.99
10651780.70
914991.41
6.1e+05
17654100.49
6.3e+05
8986124.48
2165354.68
1937099.20
2093822.63
4482887.62
977891.37
2523990.37
3868109.00
5.4e+04
2036935.11
6174354.60
12306126.48
2976044.33
605684.40
1440228.72
8.2e+05
2012337.03
3033454.66
2876468.32
2858534.47
10718007.96
1.5e+05
1839034.70
16348992.79
4082359.83
9381124.02
4.3e+05
2551035.28
1670950.52
8.1e+05
1480000.63
1015965.20
328635.56
10065626.46
3869906.82
3394345.40
3298452.04
15520646.00
12597217.66
1281334.94
8342861.40
4455075.34
601970.49
267245.88
947641.03
8126406.35
2752345.50
1655606.92
3684401.04
8715721.58
2.4e+05
7610552.73
7174804.49
1083408.66
2107972.96
1074096.12
10757516.97
2766780.07
237472.46
6956713.21
6.5e+05
1703221.74
271810.61
4.4e+05
7489920.14
6342372.30
4622585.89
2639998.87
384169.68
726199.55
3305145.91
12995459.54
355797.35
7.7e+05
7660441.28
3512637.46
1817146.04
7383927.01
8.5e+05
17086046.56
2731613.61
2344249.38
1231739.28
426239.19
2635573.30
14244753.41
6582219.25
2315940.69
15378244.57
2717773.37
5383154.28
7925586.65
2775693.26
1918404.98
11985108.07
10954708.28
14618169.19
1127845.32
11069990.02
1382861.00
3.9e+05
4741527.10
8762190.38
549233.78
816901.59
9042302.42
3.3e+05
14640390.58
15864748.15
4575018.04
2859040.26
15598325.34
6614296.21
7061797.38
5802160.70
11187192.15
1348350.91
7266836.64
8225582.15
2540673.66
2581897.41
6078485.17
10943559.44
2563856.44
420081.05
12521107.23
10580432.55
8133816.23
7874559.86
1154025.93
5354641.69
768840.34
13155307.48
17972996.19
6835523.15
1055782.04
8402247.84
11799976.13
3.1e+05
8932248.04
11103508.03
18686300.77
2.6e+05
2174213.61
319396.40
7638715.82
8.2e+05
2173215.66
6256798.07
4795602.86
2529637.38
13609675.66
3679342.72
10026355.08
1313658.85
5671161.99
5.2e+05
8253522.14
682813.65
5281303.73
3317012.86
5386740.17
2538832.42
10566854.61
4991167.90
7.1e+04
3006288.30
3.9e+05
3454858.02
2489027.75
9689182.48
1519390.86
300291.94
2337890.70
6053873.98
9861322.89
14078212.16
1580778.01
7191411.56
2036882.64
3235309.42
2278597.98
127310.53
7335091.97
9840318.32
2739045.23
2942404.30
166349.26
11162033.92
8.3e+05
13800834.56
1802321.01
1680985.59
8956552.11
6316631.36
18014800.91
5120611.06
2975274.54
9.4e+05
1901273.49
2866704.41
8512125.70
2714758.79
5421300.69
1315982.08
6.7e+05
11215818.50
2451758.74
2008267.54
2044528.98
5582801.08
2003448.05
14537074.02
2650086.04
3261305.29
2.9e+05
1496913.91
6451025.51
7.7e+05
1220878.43
2766641.83
6794926.39
1598283.01
8679768.40
2076227.41
443705.93
10068135.99
5.3e+04
8151364.87
5837688.33
5492795.31
1331655.39
15068892.90
2386104.10
12342115.66
1069213.54
2657331.76
9362528.28
2279896.69
1412710.80
12880876.14
2176526.64
2349260.93
2582194.83
1056831.73
2.4e+05
10724256.75
3482533.94
10165298.42
1589793.82
2574696.50
4137877.99
2838833.87
2743350.77
9196360.29
2458801.80
9374407.95
7975894.40
6192544.81
1622015.64
9104324.12
1820296.24
2071746.46
12222788.42
2124360.53
2.9e+05
2789012.49
2303094.59
1007573.96
1e+05
15961474.85
2525238.31
690717.22
11392411.19
6647489.00
756110.04
455803.52
583445.83
9534235.07
8665795.59
5.7e+05
4148452.51
2.6e+05
3.8e+05
4456851.45
5171161.83
2336768.13
957163.32
2850235.03
1302628.90
2218719.74
3778134.18
2716327.68
13236634.88
206666.23
2081376.08
19824730.78
19913869.46
3158914.42
1612719.69
5.7e+05
11920864.12
7807148.94
14058594.23
2032255.12
6680939.65
1979520.97
1035594.21
3083619.78
5490559.20
1749917.82
486707.09
2674259.68
10308837.30
1353410.98
1912419.69
5942880.09
8255622.24
2875768.44
6993443.12
7.5e+05
1961078.13
2976443.12
1107248.11
1698290.89
2307760.19
359273.36
4.1e+05
3931337.87
1609285.22
3059796.57
11724474.78
1827658.64
658680.02
2428457.07
241881.46
6505393.45
1834561.45
10516158.44
8413946.51
6.7e+05
15915448.18
632295.45
2507667.03
10290560.33
1278162.25
4726826.68
15594183.97
6799327.98
1610466.95
6532294.15
11147349.06
9.2e+05
2282700.70
8.4e+05
7.4e+05
1269008.34
12522448.10
923390.49
1570205.17
17490195.43
2617601.92
6.6e+05
9590754.95
7363963.17
1529731.26
9898614.06
15361611.97
7792221.23
12111724.21
2987123.39
933799.62
1900275.41
614777.70
2782116.35
12130084.25
886434.60
7317380.41
3508657.57
5110708.62
15499029.89
2972213.85
5.7e+05
6.3e+04
4707968.86
9847372.87
2215249.32
15501804.31
2383396.59
10956855.56
13791777.98
2868263.19
2773485.49
11314042.09
2062953.66
14921746.91
1014065.87
10461325.63
7652613.13
2788034.70
14788347.97
10212300.99
2792135.97
2754723.47
5061639.33
8473971.13
3842364.69
827796.49
4724618.29
2954917.94
2334585.56
8469517.16
5845084.20
10099984.41
14401647.36
9.6e+05
8129195.53
381634.00
14435981.59
8283542.21
2350939.02
1409401.29
1534101.97
684915.59
2273633.98
11213277.36
3721932.97
6.7e+05
4841167.04
3526135.52
7372638.97
10242562.75
1777190.64
12950249.29
6103262.35
1651778.86
4863896.27
665296.84
858374.91
1890748.36
7467773.83
5.4e+05
2722518.90
11114600.87
11913324.83
1859026.76
1355545.69
1.1e+05
579606.40
6305413.90
1401383.08
6290321.93
2342858.10
1913887.87
15227488.69
1894599.92
4117520.08
6857580.92
10617924.97
6734297.32
7383675.66
1921882.88
3319247.97
3150316.89
4768561.88
4495774.38
4506169.93
2.9e+05
8585978.28
18173408.70
9684632.52
7.2e+05
1152180.36
9091585.37
1608168.46
1551915.86
15520430.40
9.3e+05
3967726.09
1983625.50
12022621.24
175511.46
3807359.61
1107562.01
1996845.19
12812598.79
1401401.88
18772091.90
3811836.26
1826907.40
1966403.68
2.3e+05
1266680.20
1055048.57
3.8e+05
753067.71
1430405.01
1592615.45
5897573.67
3188654.17
15809809.83
2601935.01
2314519.41
8162573.97
4332557.37
8992751.72
2855575.77
895796.80
865912.96
5377522.49
2448442.01
2196498.76
5.5e+05
12325354.16
4210094.26
4983714.99
1.7e+05
2637476.98
5965651.91
6050525.82
2032368.12
1956230.64
3695305.35
1723374.64
3902255.43
198852.12
11544207.71
12992332.62
1269107.31
6641709.62
8039471.56
9.3e+05
5.1e+05
9.7e+04
826154.37
663078.82
13878986.64
5223622.88
4695204.73
9.1e+05
5.8e+05
1667307.41
2987605.55
1467078.49
3741355.56
1250103.88
326350.27
1445471.98
7011272.83
1938998.31
2321588.99
565349.26
1300148.46
11261438.72
1439159.95
9.9e+05
7316385.09
4.6e+05
1199400.72
369645.98
343990.82
8361174.91
13209960.58
16931639.42
796452.48
3346117.67
3221293.65
8.5e+05
2207989.07
2039504.30
3675282.92
5110628.36
15208378.83
1.6e+05
1752981.61
2513225.51
12820113.12
603664.92
6022729.01
17723862.33
805396.80
1329836.21
9530971.73
506564.38
18653453.46
9391434.16
2203385.54
7054049.65
4440329.44
5753044.86
9319736.11
932221.56
842380.35
9223194.85
764636.68
957978.29
2893114.38
12178934.50
390608.20
14782506.12
4238088.02
4.9e+05
9555664.98
2360212.87
11440757.26
10881349.81
12686889.78
1519829.83
377412.05
14734783.24
2397621.78
5.3e+05
7573081.81
3902689.95
1618733.04
2439064.95
1309398.94
503103.77
2882681.80
7808575.09
2515440.55
11119172.08
3926108.87
2.5e+05
3.1e+05
3860957.18
9.7e+04
6034559.54
12814281.15
9964367.89
2548962.06
2835602.53
380519.39
6248147.35
3034784.93
885890.72
2467258.30
13126870.94
5136757.72
9995698.24
8572252.40
5434593.88
983502.74
2403137.33
3620442.84
12224238.44
175544.17
15812582.85
2669760.88
7433539.50
9472818.50
14233708.15
3.3e+05
2731285.51
4172882.11
10564175.17
4387657.68
369001.68
676912.76
10990869.87
2191367.94
9.2e+05
18797054.18
3845388.04
825500.22
17957197.04
905010.24
11298240.01
1903258.21
557428.84
989153.52
14019857.31
10290527.88
12068426.76
13951917.17
2151068.49
18440527.39
5273340.66
3524845.11
2231591.34
6677170.57
844186.92
14618536.02
1879601.60
7.6e+05
13538673.44
1794727.48
10390922.44
2185521.38
2760912.12
3202841.76
4712163.42
3563472.16
1725932.50
2267417.20
7.3e+05
11417457.77
679983.41
6857118.92
1617987.78
359378.79
145007.27
2628968.85
1.7e+05
5215005.50
393090.02
2263540.18
9564903.65
8651836.01
10645828.98
10194952.00
2.1e+05
234606.55
8777402.83
511431.00
2228609.63
6795836.41
2427178.42
2752498.45
4267656.16
9000048.47
6.1e+05
5303459.94
932679.20
8644870.36
3402084.39
13491106.06
4641167.12
5.6e+05
4701721.88
6453203.79
12198823.27
750804.23
433249.72
2074294.32
1930985.83
2600300.35
1951290.67
14574664.59
14302502.49
2757404.76
4029493.25
8.1e+05
5998006.38
1642413.10
1732247.45
13957648.53
440980.91
5e+05
16729808.94
2067285.59
7165714.95
10945433.20
9759463.91
1663876.85
10188532.22
3708749.34
17071724.32
10840678.17
6480394.49
669263.57
1410046.62
15065380.57
6869797.59
8256306.40
10005748.57
7e+05
6945879.66
3570561.68
15217037.08
17465147.26
2240617.78
11003802.61
8559081.31
615022.14
4968417.66
4.5e+05
15891098.52
2871062.53
1800922.08
4415999.74
3.7e+05
2163232.46
8711482.78
3350356.23
6119140.10
4942473.69
12744329.50
6198984.10
2852233.25
693914.86
7259085.54
2946359.70
14958306.66
7.8e+05
2321683.42
5975319.21
1328167.20
1665543.01
12289619.89
1757309.87
7155589.19
111602.37
3231299.42
835793.16
14461192.10
8.7e+05
1147874.18
7279585.37
10485913.73
9705813.70
9760415.69
3915923.77
2753324.79
2872005.71
2942147.66
1587734.43
10968303.34
3363662.87
8100425.19
9.7e+05
1560842.27
1723864.09
7185437.70
9503293.35
8255388.39
1340874.32
12916563.96
4757547.94
8214095.82
2159456.53
3267999.23
2170144.30
634246.46
2660815.00
1141517.15
2869322.60
2666334.87
993368.35
1269251.81
3562867.36
9183740.52
7149121.95
935147.19
9566217.10
3936540.44
1178388.81
12989499.95
3382865.52
2116585.84
10578288.95
5.4e+05
4459514.41
19658503.12
2620402.74
19494348.84
1682961.56
772722.28
6550647.09
2037304.11
8231357.00
2414873.41
11770473.98
1372054.82
9.9e+05
5.2e+05
2106293.17
10144142.12
521718.28
2372644.10
3135514.11
1629057.86
9736947.05
5069207.57
7518638.80
3981887.55
956814.29
391189.65
7601599.84
9827403.83
2358890.84
940986.89
9715287.51
1162299.83
1253656.82
1939135.76
5556978.73
8.6e+05
1067659.82
1660272.23
8.7e+05
13782538.25
7730047.63
14918817.05
985720.76
9364015.14
6578879.03
750344.64
5693551.56
784084.48
1.3e+05
2051669.02
5.7e+05
12288028.36
6386311.54
6.9e+05
3168164.57
1397551.14
3317351.69
15740083.76
1866586.75
10809020.71
5.1e+05
2328358.32
1678486.24
4110703.01
253553.70
3102272.50
4682026.89
328361.89
7624705.60
1108087.06
9194630.83
2454136.16
3830520.73
5667484.39
823390.44
5644618.11
3729009.48
6143920.63
10676065.80
15584973.65
781877.84
1931697.42
2704324.14
3973329.07
13050929.93
10479767.38
4.7e+05
902551.40
1413693.64
395809.54
2384355.95
2486800.00
8357163.18
10504959.11
601252.54
6384532.65
3e+05
5547375.49
3485767.39
6534852.74
3499546.00
11073486.17
1370856.45
12074363.98
11975162.23
387198.04
2657108.50
3236024.58
1589394.58
1296892.78
2681641.92
2114773.78
7880242.38
2871023.60
8282975.90
8e+05
1555469.37
889585.81
10536203.79
4016790.42
8619564.68
5430816.83
2608399.79
2206318.56
2856311.97
7046922.93
9638098.02
5170958.90
14103988.46
889522.69
13533323.86
1978096.90
2.7e+05
2498552.50
2532005.59
682080.28
2266094.82
2448306.61
2365841.90
3069058.71
388882.49
1213441.98
2718888.61
1467192.00
4915627.53
2868221.88
3030991.65
15402778.60
15917125.37
2524731.88
15466391.30
5033459.26
1648011.70
993198.83
8733478.74
2695135.71
3877922.11
1026055.02
8381514.65
224693.76
3.8e+05
10755073.65
1247621.59
9972223.76
2882110.28
2897223.30
10484827.48
14915375.90
3788888.76
10707367.83
1509685.83
3459308.31
1872166.53
7185709.08
3141580.55
7.2e+05
5366240.45
3869432.65
9685481.62
3753145.76
4235311.74
2e+05
11061953.04
12524397.44
2178412.99
10465391.88
13680029.02
852998.52
6.5e+05
7666077.16
1754211.01
15460744.16
1029510.91
3696011.66
2375573.35
920937.88
10117152.88
2544399.88
601814.81
898565.93
9409066.91
1064461.92
6612095.38
4116435.16
2654426.30
2846360.96
4290004.06
2220338.11
14041157.46
3.2e+05
2507687.44
2188695.27
2756805.67
10075686.02
2.1e+05
3029076.47
4095972.24
211968.33
1513190.94
2180616.46
2334465.96
1583046.51
1.8e+05
3517043.70
5.6e+05
7.4e+05
2298502.78
11271599.74
15704410.92
1423105.94
1548795.28
9811507.07
1553733.58
2587953.13
6.8e+05
2646874.85
3267527.71
1658093.67
3447663.78
4510563.45
6.3e+05
789342.71
5345255.51
2320697.60
1273681.64
1644800.60
15238198.46
4995727.04
1.2e+05
2301796.69
2234276.04
7.5e+05
734979.03
2610656.91
421390.85
11935704.10
1927369.48
7453566.10
15039524.72
6239023.79
2974764.10
3180432.51
2303699.03
7071860.50
13265555.37
1922204.66
2838505.15
15228886.17
2.5e+05
9.5e+05
6378722.00
11133492.82
7e+05
1733889.00
438747.74
2010833.73
6277277.00
2.4e+05
6683102.87
11330885.42
7873629.84
2848924.62
1623061.33
7.8e+05
6.5e+05
10353512.00
13022081.64
19199808.48
2129440.31
12894542.23
11644819.89
4.4e+05
6e+05
6686377.94
8035659.94
10813722.33
5299854.91
7561735.67
3104549.39
662814.77
1165671.83
1151131.98
10113346.35
9941485.62
828313.78
1902716.36
4251949.37
1676359.52
11550123.35
9690251.09
852667.53
9860699.58
9824496.37
6378389.91
3886540.25
1044673.64
365988.14
6630991.83
10148527.37
17375711.51
260930.41
14151413.36
7.7e+05
2368352.89
5275777.30
3082396.96
7919631.30
3653686.93
2483518.79
14884343.39
11424730.11
2275320.83
2471553.24
907034.12
11113377.70
8415154.90
8365262.29
1307485.24
434002.70
5739076.29
14583944.29
16452656.73
13011806.19
2353096.14
2398259.63
14323811.26
5.3e+05
1650882.98
13768991.43
8.9e+05
15998496.73
1.2e+05
6374945.30
14545696.55
6.8e+05
1.7e+05
15391270.12
13085241.53
10588158.43
11368957.79
2113706.02
7.5e+05
12800950.45
704593.15
12069722.85
1708879.67
4265858.71
14732087.96
548614.87
136187.28
892708.72
15793409.73
602281.29
4721986.77
631086.74
9214628.09
7.9e+05
1266054.40
1.2e+05
1919619.87
6037496.77
4.2e+05
2493684.38
13870054.97
1968596.83
6.2e+05
3616470.24
8948490.61
3937622.18
9449398.55
1480248.13
4169347.95
1996031.26
4148977.31
1.3e+05
10873787.50
5939026.77
4156219.20
2451109.79
2407356.21
2768125.13
4728962.34
19740179.94
2284870.52
8827989.98
14614379.73
2073726.28
2538682.86
13847390.37
7149131.75
4169351.27
15301917.80
1175300.84
3550192.02
1812020.44
8299783.00
1507432.85
4163550.93
2352990.03
10879259.42
330864.37
9491213.06
3145426.49
1198524.26
4339584.18
947443.65
15669741.45
2731256.77
2548249.47
430531.09
11194320.92
7636340.54
241694.59
825277.36
2188588.67
6631326.39
8358471.77
2886787.39
2559514.18
1621245.96
11005708.09
9089284.78
1404939.69
4805592.54
9.6e+05
9e+05
10427647.55
2538347.16
2982812.65
1498547.85
9577849.11
1323564.10
3.7e+05
3553338.97
6255432.10
778508.32
13675300.30
3.8e+05
2883553.40
4.3e+05
5014254.13
5824714.87
10519315.52
12700999.86
5229986.90
4015753.52
6048967.21
18447181.87
14678654.88
3553585.39
536479.71
1.5e+05
13619707.36
1298638.33
2129843.18
13317915.10
9.4e+05
3798903.99
1117485.92
9.9e+05
2586911.18
15063142.53
1783684.43
19813266.55
1719709.45
3664086.83
736411.85
2957591.69
2372854.49
1.1e+05
3113868.87
2461098.39
12419239.35
1676089.80
1731698.51
3697336.04
12691365.13
2445040.37
16234564.19
120017.69
3067912.92
2079074.32
6242533.17
3908341.96
1507622.63
1487685.70
4689348.07
2893845.85
1309164.66
1664192.16
4272437.63
2815984.08
9160563.86
12207446.44
2190982.32
8141041.09
2554083.41
559206.48
2741582.81
5807208.29
7121458.09
5755470.88
6788253.81
10225971.47
2451306.38
1652659.25
899931.10
3517333.33
4545179.88
7.5e+05
839947.04
1.3e+05
2662947.81
5881419.57
792386.16
7465556.79
10862343.65
3694156.61
2362017.80
692457.36
624855.05
5297890.92
15135501.30
5540212.90
17205668.25
3.1e+05
3327409.66
5664267.84
4442852.73
12899355.03
4566524.29
14625288.22
2061703.99
2388920.84
1000002.09
2710124.51
2459045.50
6.1e+05
10883660.45
10233229.74
2780786.38
3999442.61
5129745.45
2678218.56
11268658.83
4.2e+05
1367420.92
2227785.70
2333422.41
2901592.00
3561541.07
4720725.43
2868734.19
13119918.87
18107322.23
4052139.21
10585875.96
2185312.98
9864271.91
10698184.00
4863926.85
2793375.91
10385406.16
6.7e+05
362612.52
4382569.84
16791065.64
2790185.81
511436.09
3956415.82
3798208.76
3.3e+05
5759289.31
6991535.72
1867927.27
1940741.74
771312.85
2584581.08
15327578.30
11650353.42
1403319.30
1198270.59
7.2e+05
1156090.35
2828351.54
15124759.04
6267487.83
3136408.36
2365555.77
1388718.90
7785295.82
3595675.96
1.9e+05
1456369.11
8707037.91
8158363.62
4209140.56
1781491.57
1122253.53
2827109.25
734622.04
1802668.87
16328299.61
4.6e+05
3176669.74
8623193.09
8989267.33
1148800.57
125730.51
440818.72
9980312.76
14342080.41
3.7e+05
811243.61
14970572.62
1078704.71
17631458.78
2040870.04
2958107.29
10512167.59
3142248.58
3916583.39
3655091.91
2687734.40
16826082.12
7848312.79
6884757.84
306396.83
3739723.66
3742205.44
4020036.63
1697023.08
4048485.54
2856279.45
1720971.97
1422671.34
7.4e+05
2576892.91
13556845.20
7066050.64
10007745.13
187150.23
749364.97
2315725.55
2714217.80
536332.60
17471376.13
10975598.50
3101272.45
2340325.42
5.4e+05
3557095.11
2401261.30
10692462.53
1.9e+05
8030637.92
2894679.78
2331520.42
6.3e+05
1.4e+05
10652857.49
3.2e+05
1733032.05
1442602.87
1017609.92
9595101.36
3323294.48
7625879.39
15526713.63
2360304.22
4e+05
6720221.58
12610221.68
2149111.37
13567100.34
5966587.02
1038272.92
3997563.06
1039467.22
2888794.80
2769992.59
6168101.03
7375596.00
8.3e+05
7838639.93
8e+05
2431562.09
419449.14
4432346.39
3341490.90
10068181.02
3022488.11
7259039.62
11399234.14
10615858.46
2900290.61
5968373.19
3552374.18
5410141.18
1946322.87
11343119.35
2498557.72
747160.56
11610675.27
2358534.98
465920.62
2899132.09
11199338.25
3e+05
1341979.61
9932336.23
3851242.90
1381382.54
6854064.76
3789169.73
1967692.86
14099736.41
9290864.73
3572189.86
15815750.36
1139836.40
4.7e+05
15230016.78
3006691.06
402893.24
1076538.34
2741026.27
1264430.34
2832845.22
6855964.70
5539896.64
11923582.42
2956100.96
620338.90
2035935.34
5.1e+05
3493191.26
793271.32
2438335.53
3465587.43
3273651.52
6.3e+05
2568437.48
6567353.96
9427270.89
6493998.37
9241067.14
5191624.64
11867169.13
1879204.81
1173608.74
863443.85
2246900.81
8987013.03
7519134.63
3745527.28
3932407.97
4667774.45
6330191.14
2365323.04
1156588.33
3154657.19
3e+05
1573710.45
4988386.61
1328339.85
5.7e+05
4542105.19
2313896.55
5509240.22
3598007.51
1047411.58
6.3e+05
1609365.82
1689049.43
6.6e+05
7700430.66
2799447.36
2736018.57
6522795.39
4496830.42
15857038.67
7.4e+05
2338605.21
6438316.10
8.7e+05
17445095.30
6.2e+05
3.7e+05
2581915.42
3007916.33
6442400.41
14762187.18
1664048.86
6431136.12
2034730.68
1904146.82
1399277.42
859379.79
1378562.74
1035195.17
1527351.39
257594.67
9.4e+05
10091138.80
601639.42
913050.41
2557737.26
5.9e+05
1483853.66
2087752.34
3375600.87
2868390.36
7380910.46
959570.28
1254292.57
2203124.05
789996.70
6622881.02
10083004.14
5646900.95
2036438.28
101332.54
993452.59
1601203.31
3488069.08
10817845.10
2858720.76
10646443.55
519335.69
4.7e+05
14157734.50
7.7e+05
1437662.57
11249897.36
1480449.39
3430275.30
2154942.00
856802.77
2.3e+05
6792297.32
860416.28
1470366.04
13061925.73
962706.21
1215569.93
3183165.31
880030.27
9.4e+05
941690.63
11501657.15
3090393.19
2047971.20
1171593.40
7792731.44
9600695.45
922815.03
1239561.68
1468947.01
3836870.96
2899485.56
5940771.90
1.8e+05
2289376.07
2619221.41
594199.88
2382221.58
762980.98
1526160.73
852456.42
1199807.00
4760204.99
905002.99
10916780.54
437959.77
6287206.93
6947373.38
6623206.21
5134204.68
1173247.40
5142535.76
1424575.05
5150166.73
7595055.38
12270256.89
101865.76
13014431.36
9288556.15
2.7e+05
2176156.19
1145169.49
11190121.45
2291060.24
9889594.65
1.9e+05
1460977.53
10852958.15
8757127.87
2343126.38
1394644.59
5127242.36
8131338.79
4.4e+05
5.8e+05
5125414.73
2345687.01
7811946.28
2665715.64
1045689.43
10143682.15
8155954.22
10107625.47
1476368.50
1785518.42
5619014.24
11445090.53
1957501.73
6.5e+05
3.1e+05
11948792.87
950364.90
1341675.04
3900063.99
6.8e+05
13783894.42
2562329.93
6442160.28
7246860.37
1485291.97
2170689.22
1920948.70
5.9e+05
978990.37
778001.75
10320011.50
302570.02
1940761.86
2792125.41
9.6e+05
8498614.50
1062678.75
729438.99
9797088.85
4.3e+05
1.7e+05
2031483.98
2894442.36
2950344.56
1880040.04
13694486.84
8689615.40
3303968.44
1454222.69
5016775.24
8930083.14
2745817.12
9.7e+05
2707876.46
12552507.41
1388686.88
2844981.58
9.9e+05
1739699.02
7153526.60
1448333.41
4700322.48
19917875.29
12367794.50
5445517.83
7990505.36
2457155.16
2.1e+05
3100170.99
5184542.97
471038.23
421883.06
7936492.08
3.8e+05
1280213.24
3622373.87
1845388.71
567843.50
642055.24
9.8e+05
8.3e+05
943366.45
2273080.37
3982419.20
7632033.47
885966.76
3234412.10
1631083.29
4256046.12
2823078.84
4735890.90
1330141.95
7736884.37
7541873.96
14358942.32
198275.40
8686400.12
2038485.67
5018798.72
1041259.99
836336.38
2404877.10
3e+05
9.2e+05
165527.16
4224872.78
256998.99
7e+05
2278874.76
571776.94
4299852.34
3208052.32
481977.76
2731906.30
763754.97
2254075.70
4.6e+05
2.7e+05
4387062.43
4111964.43
2501950.81
944577.79
2158865.08
4009513.23
3626363.76
1563435.78
5338966.64
10569991.80
4876893.58
13214394.33
10346570.08
1529314.85
3e+05
13143357.78
18794248.36
2889099.04
13620429.91
2497921.85
1323107.53
8962715.20
2980336.70
2787410.30
2.7e+05
633833.24
2067432.78
11667333.40
711947.54
1646666.95
11013276.48
9.2e+05
9876847.50
1002181.41
11330139.78
3879532.16
2805975.31
594801.94
1439419.03
2394809.47
15249695.05
8851104.57
2103937.84
13397687.98
4568306.34
15964060.85
638435.70
2.3e+05
2683889.37
4.3e+05
1134709.29
2173222.78
1581787.96
627705.39
9364943.63
5851249.34
596981.66
937044.03
9.2e+05
9428776.51
8739694.89
10180915.68
9.9e+04
8720076.80
4676772.04
2139075.25
14702231.99
12111058.87
1457319.12
13139216.10
983915.92
6015756.12
1221035.22
1.7e+05
3440658.22
6.6e+05
10943494.73
1249538.47
12900313.40
1460913.09
6287061.41
1214308.06
828874.02
5965023.30
11091635.02
7.4e+05
6206929.14
1640949.38
1364857.85
10629151.54
2787940.54
6438820.69
2315261.65
10636716.86
1718993.27
2102233.63
711453.36
7872564.55
2945236.96
1421921.65
1161940.69
5166342.97
15713249.40
11563426.53
436593.48
7244426.45
1e+06
2440680.73
3128700.12
15306139.67
10628056.78
3123011.70
7.4e+05
15764521.74
1443469.07
11458551.08
7227400.31
6159514.84
2262016.02
8329088.69
2502748.97
6135358.43
10070183.36
3384278.99
591911.69
13847544.68
2665430.53
2127553.01
6110128.22
669907.37
2317501.53
2740664.41
13889362.23
1972300.45
1211017.35
1401398.84
8471182.40
1703887.18
2446499.09
3.2e+05
2155571.73
5092038.57
6.9e+05
7.5e+05
1748836.51
13253219.83
3726437.84
814315.43
15014673.81
2058723.83
810127.38
833306.67
18581672.50
9922166.06
6567512.34
5329741.95
8417171.66
10130994.02
6476636.92
2398593.82
2.4e+05
4626591.38
2231744.16
6499273.65
3228096.84
11438991.73
5.3e+05
3591712.40
10236982.03
3.3e+05
1214424.21
4730113.80
2357620.72
7278402.11
9238229.44
4.3e+05
6051935.20
4621377.94
7503016.90
5829027.79
12013148.26
6270561.62
9172862.58
9337820.90
11378569.39
1281869.34
3.7e+05
1375598.87
2747664.03
11522904.09
1743769.71
13675214.78
787651.88
1038670.45
9e+05
1663064.07
932132.48
1955835.64
729066.79
11347321.59
2204781.66
4141951.70
10761072.74
15666309.27
6105121.41
1152893.26
2787386.00
2238180.89
12490670.82
10662690.36
5590385.41
8364814.52
916769.79
8159528.43
3827346.43
1276599.86
6931488.99
15999598.72
10966442.89
9147679.80
2268143.98
2985313.11
3837441.91
8334166.21
5.2e+05
2891939.99
3336687.88
1874168.46
5519808.27
6711791.86
2573907.06
6581014.38
6888350.22
2604094.20
8695181.39
6733713.58
13159274.14
2768880.48
1404278.32
4027514.81
1889197.78
9.9e+05
19097910.23
3.3e+05
2794857.12
2.6e+05
3701856.73
4.2e+05
7538673.19
5392955.49
302243.69
957858.90
5470351.51
4.9e+05
4909697.73
647571.19
7298433.68
2951137.07
2276690.20
1455234.95
5216059.36
4604466.88
8.2e+05
3218394.68
11127905.09
2333004.45
13428466.46
7.1e+05
6271811.66
478358.94
1184221.14
2408122.51
4433498.90
1431371.43
3950660.78
10644037.95
9.1e+05
614523.76
10362891.97
232710.34
5809398.77
1802658.23
11863256.18
2920511.64
2e+05
7.5e+05
10013095.18
1709112.32
304994.38
6236659.04
4516879.50
7795572.61
2.2e+05
599133.55
8906120.43
9.6e+05
13320772.73
2411066.92
6260377.56
6779141.03
2121392.02
1518726.75
5.2e+04
19017061.62
6258234.54
9728735.85
3179370.60
14338218.00
844055.71
4147009.86
9.1e+04
3055762.65
10629256.11
10382943.66
11810418.37
5243895.01
599549.12
11559888.31
12866867.93
5.5e+05
13734999.27
1386693.14
920514.40
6970035.07
10421524.86
2987879.76
1218246.47
1567662.06
2001171.10
580063.80
5742928.59
1501418.24
3183770.48
9596530.56
8108201.11
1176661.73
3025934.80
2520994.40
10734790.31
3024925.37
1.5e+05
311209.27
6407225.05
9210201.19
5.4e+05
8644533.51
4.3e+05
3444819.06
8487686.22
2137601.41
3353989.45
10312948.66
938032.88
14596697.53
2924299.08
1098879.93
4437066.02
8615902.99
9.5e+05
4828894.54
8777332.41
791557.83
3373354.18
7987488.06
127352.87
2468136.88
6626463.13
685054.57
4.1e+05
5840781.16
2437366.51
5864684.97
2060806.01
365073.99
1713386.89
1737313.54
635494.37
5942176.99
4974214.89
2490489.19
1815239.77
2.9e+05
1997619.21
6977175.82
341320.27
6278283.86
3343418.13
742275.87
1702696.08
10959935.46
2584975.39
3515017.98
8436103.67
4044986.43
2099094.38
1.8e+05
5288574.61
4.8e+05
4491859.44
6262580.47
15870071.96
1324121.34
9152879.76
3510795.00
1376908.43
2541597.66
4612283.36
1223925.02
4186693.67
13949845.90
9941090.92
1424376.84
4963545.03
2072533.09
772062.15
7337634.89
13219851.86
6789209.03
3139349.56
7.3e+05
5.1e+05
10021716.87
6191121.13
6087341.98
1632729.26
5300943.45
2620677.48
3663992.14
6267711.94
6250469.48
802383.48
5713974.94
14433568.62
128164.35
2260786.38
6.9e+05
6836750.23
5044338.12
13119919.85
13422350.70
4.8e+05
8.4e+05
6.5e+05
5794363.42
356666.21
971460.82
12770974.67
9969598.71
1553862.27
7789704.53
9.7e+05
708050.23
7138157.25
4402911.58
1816426.89
7430498.04
5887891.93
14600458.28
2427548.77
6784293.84
5409364.25
6778633.45
11896650.45
760844.07
3390572.21
3106230.68
7404668.50
15901690.71
1264862.32
7327399.69
2106877.54
4507641.98
4945753.54
3233261.62
1322756.22
11876706.70
1631950.54
4e+05
6228225.06
364182.20
1607713.38
7049603.49
2389839.26
934847.65
10997988.81
7.1e+05
635933.26
7179008.17
17207090.31
1669513.27
6330164.18
4425860.12
1166458.12
2361508.51
726755.98
1773855.31
1391594.63
9.4e+05
3364864.65
3.7e+05
6848693.45
6429203.59
2478758.91
12285168.24
852666.51
3544217.01
17056809.07
9748967.89
1863895.65
3205345.19
3201507.79
2973294.97
7669248.62
4606347.45
15361322.52
2155070.05
2548536.07
13659390.70
1730667.37
7013449.64
8682883.27
1.7e+05
8e+05
11790156.83
13606547.02
4461644.32
15045464.73
13658117.26
11887107.91
19568519.12
2741190.79
2377251.69
9.8e+05
278919.18
4070809.00
6723749.75
916352.42
8092231.17
510278.83
15352619.51
3352788.25
7.5e+05
11128223.37
2097924.11
1722589.73
6823701.26
429719.29
1430049.57
1510972.12
7.2e+05
9e+05
497654.57
3676277.37
1485002.30
791470.95
5.7e+05
1933973.07
7954654.09
3561672.26
4.3e+05
2649760.82
10854708.89
465152.09
3.9e+05
2752607.02
3.5e+05
14195739.85
15828411.09
796490.92
2706838.17
7011917.00
16653467.80
1177495.64
1.1e+05
700163.14
646452.80
6.5e+05
2107788.41
1325927.23
2765967.09
1378601.11
6300101.76
2894354.91
12372208.14
11984694.01
499226.53
3.6e+05
8958349.05
1197513.46
12210730.37
14368928.17
2.3e+05
2148883.64
1756252.98
17632814.50
7691194.08
6844433.75
2304560.00
3821577.59
3927958.19
2112908.53
10077847.81
1102752.21
3312535.00
2448408.99
8.1e+05
1051853.36
780983.75
14279413.98
6010336.30
6161630.53
2624792.23
5168178.92
11059265.46
3484596.39
8070733.31
1192009.71
4.4e+05
5935496.05
2074805.73
1171057.06
12716452.07
1482812.53
2601578.82
6.9e+05
18657524.70
10389832.11
4205789.23
2418279.18
1519969.71
1221645.22
201838.02
7039272.32
3451672.36
2535086.59
743638.47
5.1e+05
8760792.46
2360018.23
5050736.48
1528338.96
207935.99
2.2e+05
9185951.24
8812517.52
3354681.85
5260584.81
1493784.79
5037138.02
1848172.05
5080210.16
8436609.22
1190379.20
3323349.79
1129972.88
9181742.40
1042375.12
2796836.39
17157420.61
8240188.67
8.1e+05
1247987.48
2707321.36
6444409.32
14290952.00
5316792.85
1458839.48
6079031.73
6578457.20
3665103.76
1088736.95
7250395.25
2965283.94
2574203.81
346351.24
14482871.81
14701492.26
4222823.01
6539785.41
2977452.33
3274553.44
3413685.82
2958546.81
321791.27
15801458.29
5324442.07
1067275.39
3755700.08
3488312.85
1663798.86
1076707.61
11650388.26
1837564.18
1304487.24
1246415.45
2854036.70
1696273.05
1262900.34
5345935.92
15742703.07
2946179.21
1867245.28
6891510.13
11500874.33
1296117.21
3478839.44
2503229.60
5515492.31
4.7e+05
2877463.59
755881.95
5811111.63
5.7e+05
3207135.55
669078.03
602149.12
2985868.30
2.3e+05
946345.14
3756533.24
3228683.98
2.4e+05
7708537.09
1746808.52
2185315.91
7132486.37
5.3e+05
1885693.34
2536627.41
1161102.21
9.3e+05
537430.14
1503982.18
1502967.75
2530123.05
7.1e+05
7870951.26
14246407.37
2746251.63
3760198.58
1939479.13
1171261.61
1696802.33
356300.53
681894.66
1225927.52
5616541.56
10696130.71
2546069.85
4142181.99
1816139.20
3947756.69
3544830.85
7333539.30
8438886.19
2444232.37
821062.91
2788668.61
3798201.30
5255887.22
1965497.98
5336458.68
2131586.67
8.2e+05
3641784.54
5396270.57
10644622.88
1201248.92
2367703.87
9274661.63
180487.24
6.1e+05
7539412.75
117312.32
772318.26
7647986.93
2629674.31
4080971.28
1353545.53
11172511.78
13216526.53
2417445.55
2876155.25
9.1e+05
15075018.52
1564524.11
5564183.21
3440006.99
101303.69
7485261.01
8593235.44
2378146.34
404096.71
14656386.88
13394310.07
13510394.74
12249411.46
3.1e+05
6322751.75
10058206.31
17463946.62
7.6e+05
15531290.93
150443.59
7541076.59
1034560.36
3503513.34
351681.03
2237321.09
1e+06
6041033.41
2969321.39
492118.31
2097105.57
9.7e+05
6927737.51
1480965.71
13461342.47
2.9e+05
574890.93
4279435.31
1530209.56
7.3e+05
2710836.38
6.3e+05
4631147.22
7.5e+05
4591747.82
5299889.95
10216585.55
284589.70
12590809.44
5.7e+05
5452477.53
12959892.11
13267836.96
3817592.62
5169103.28
828403.05
9.4e+05
2086487.88
10433577.84
2384989.19
1425111.38
4454027.44
380282.15
13268243.37
9175643.87
6401311.57
153638.89
419202.10
2223669.86
7247753.90
5290086.05
1728635.52
1654401.95
1096444.56
2800964.33
707256.66
1809567.55
12771284.35
1775912.49
2859623.48
9105441.38
936706.10
1729561.64
5470703.07
11815786.89
822535.53
367795.49
11306703.52
380021.93
2547092.23
1766820.93
5156100.19
7030298.89
8391413.07
4829715.63
1983587.66
3791325.28
1781134.48
6632839.72
19801142.56
408652.00
1587092.60
7589074.17
3953477.21
1019827.58
361865.70
744866.88
2820410.28
1196949.53
4151004.27
2406348.78
3871355.29
8622620.34
422170.68
3372484.98
1486041.83
1e+05
14213456.84
2776438.19
2667053.08
3100144.26
2722440.29
5524281.46
4599044.15
220043.95
4293683.79
13967619.42
2576204.68
659751.38
5579578.88
8237829.10
7.4e+05
4318471.39
9771527.40
7.7e+05
2555498.84
1238788.07
137259.30
1032391.18
745990.96
3711089.95
2495273.24
659988.01
1953397.32
14815769.04
1472718.07
4.3e+05
6290090.07
7135028.91
1047423.92
1757936.65
545318.89
4666441.64
16570400.84
10754157.28
684420.17
1191734.15
466007.51
5.1e+05
567853.39
8.1e+05
16307232.20
3053024.55
3055321.97
1273890.56
14964072.62
1370756.55
5.2e+05
6996267.01
764499.02
836360.61
8.3e+05
5170227.70
1914800.78
2633327.62
876115.90
4.6e+05
8266642.47
165652.04
12192393.35
1890529.17
2129918.20
2933766.40
4111283.09
2260921.66
2302595.45
2297838.48
2886271.74
5e+05
5.5e+05
230196.67
13252630.45
2761365.74
4042223.04
9.6e+05
10101461.58
11508279.96
6.6e+05
3688525.73
15240703.26
19439100.21
5.8e+05
7056198.65
2329651.90
2248471.93
4683184.59
19088156.36
2479129.68
2366981.59
13443381.23
2247474.18
7749324.81
2797322.22
6.5e+05
10417722.79
3462617.38
5558819.56
3435833.10
2386942.85
103814.19
5070424.40
2258593.02
4268131.41
6.8e+05
6375936.23
398883.95
4720975.25
7565837.00
5819180.26
19765164.59
1470873.70
9912323.50
2631928.59
552516.52
4236648.69
6.1e+05
912781.63
9.7e+05
1687428.80
1242017.87
851105.80
7834904.53
4.1e+05
12551020.63
3023205.42
8.9e+04
4421953.05
10461617.54
5438826.62
7977085.16
1571483.95
7913776.33
6321081.39
940676.28
300015.80
2051981.65
10914887.12
1440628.00
2566039.39
9623407.47
7789998.52
3854851.43
2300000.60
1219845.70
7183659.64
12262028.14
1058956.27
3707876.69
6e+04
3443922.05
13329403.85
2589451.19
7724243.74
626223.44
1618835.47
8613249.99
10249466.64
18761541.42
1038773.62
5110829.93
2024715.79
6891656.10
2972140.87
6.5e+05
9129683.06
3948616.86
8649808.48
3.2e+05
2060945.71
7396198.62
14477683.35
1.3e+05
4891374.78
4484368.68
397638.96
3425618.23
15365900.97
3703570.56
422367.27
2801491.98
1401942.10
1699864.57
6.6e+05
3042233.46
3548669.60
1798154.88
2571332.61
13526113.33
4991196.39
1305056.35
8.6e+05
3.6e+05
1039949.60
1.4e+05
9.9e+05
2.5e+05
2087286.93
4621573.57
2825662.55
11484547.33
7578267.30
1891259.71
1469179.50
13967864.55
10143107.09
10751175.76
2339475.00
3633532.04
14338682.75
11672484.94
1675449.29
3144619.94
3156245.75
11551043.19
336407.89
6878006.78
704024.35
1053471.31
8555596.81
5890654.36
2192051.98
6491337.87
4481117.33
3387477.03
2502788.05
3100162.80
13467777.09
2884306.76
741009.30
2022541.82
7357528.14
9290327.24
5615354.54
4925753.14
2468690.36
3.4e+05
853489.51
1230496.19
380250.74
7912261.50
5096236.44
5.9e+05
11795417.45
638904.05
3.5e+05
1946135.60
4788210.17
14769216.88
3735560.77
2625858.52
3054014.27
11310368.53
2384160.25
3076199.31
3224392.61
2148342.18
1998083.59
17087361.49
5855765.67
2412748.48
532666.25
6405225.31
3057176.54
750473.81
18855537.74
908279.00
1367295.53
1242471.14
2811111.89
1310925.32
6.6e+05
3975175.17
832706.36
6070901.12
7956965.18
2553637.16
14655039.26
14735197.47
3114753.83
2791596.29
2371633.99
11576515.94
423875.00
2850622.81
2285131.50
9836917.85
7595166.58
1025208.76
3.3e+05
2942795.20
13983624.39
14829716.22
7.2e+05
2616083.00
4812731.44
6545654.39
1009936.92
3021642.99
7.5e+05
5717094.57
7557880.52
4174231.88
4.7e+05
10968749.04
6424072.57
4559717.51
3275304.26
8492754.45
4889337.89
3.4e+05
6855363.10
7609998.59
3488663.68
7878464.44
1394358.60
8788876.07
8.3e+05
12448096.83
5712523.97
3832946.21
16975805.19
6367905.66
7094843.23
4.2e+05
223203.62
7050956.17
10817700.92
4946464.76
1578776.15
6194021.54
3951078.50
1720980.92
1.9e+05
4363527.66
12204087.14
2598984.35
16708036.80
5437686.48
4940744.60
2010872.27
10245683.60
13315682.84
6890389.95
12390634.60
3747109.22
2126230.89
2253822.24
6575954.96
1605505.50
1857737.72
7082720.94
11602606.57
2410556.30
1789869.22
2718544.70
4371025.67
2311827.33
972985.27
1336974.48
2611957.70
3178718.69
14815275.64
415083.73
2225299.87
2014707.25
13762936.30
4290048.47
1585779.56
10218821.52
3855980.82
13661132.57
1.2e+05
1787166.84
3684564.58
4431982.75
700892.05
3.5e+05
9.5e+05
375480.18
2570318.34
6395310.90
1991331.84
2928787.16
11699358.40
1861916.47
2203216.31
1649594.37
3012496.18
4580074.13
3268512.09
6542706.94
5156617.17
2875664.24
556212.99
2101552.15
11209255.94
9994078.60
10220021.45
1999309.55
12962943.52
2152836.47
6.6e+05
10329601.92
11851256.39
2940103.28
573690.05
8.5e+05
7.8e+05
7192416.98
2362158.32
1300066.61
1511493.24
4.1e+05
4527392.67
10825185.28
1824913.79
721539.27
1881386.61
2038396.89
3921345.47
3353216.58
3.5e+05
5759082.81
7825973.20
2.4e+05
404510.59
5156313.29
3203072.23
2006884.61
5.9e+05
2681466.53
795783.32
3523859.99
2671374.80
1509972.72
3128421.78
2725917.87
3.1e+05
12928702.90
408517.11
1367842.11
1648831.97
7871066.96
9722806.21
7751999.19
4982347.01
1213879.70
16702255.14
8896698.23
11132565.58
2042129.84
7340333.09
2851163.44
4693324.75
1938078.16
1980994.06
4.2e+05
8489574.09
13861134.80
2432830.59
11522740.04
15533738.35
2508200.58
9412269.56
1448746.49
1375843.95
1159786.64
7796968.12
10367857.30
4928658.21
230082.06
1755881.60
533540.21
2917471.08
6.3e+05
896809.43
3684667.15
4995325.80
4772078.51
18245283.34
8567740.14
7360073.38
6020980.63
962093.42
11732605.74
12019693.25
3226705.16
4.1e+05
7391194.66
9995708.63
1.2e+05
19949039.77
1710802.90
1.2e+05
6746879.84
19899836.54
11147143.84
12629501.50
2805969.19
3692574.14
10269117.00
3470125.18
12571066.20
2702331.71
8545655.27
19143019.00
2872189.28
938034.69
1.3e+05
2266980.98
1149615.62
1876779.59
3.2e+05
590605.89
2741083.81
6078259.80
3638607.14
5.4e+04
2.3e+05
5.6e+05
10997789.82
7.2e+05
665582.74
8.3e+05
18641759.59
15819141.96
7e+05
3e+05
8.2e+05
15374736.53
1792542.95
4918774.37
640500.16
412668.58
6973421.74
1144886.05
2701004.74
2969405.69
5145739.68
2321267.67
7.8e+05
4.4e+05
14118037.94
2169847.86
1798567.21
9338118.53
1177125.47
1.1e+05
479209.89
9.7e+05
3153890.03
15566517.24
12691999.51
1732587.88
4.7e+05
3179761.48
2612295.29
12642346.69
5121780.64
9310030.79
4571993.37
2309756.95
1582115.64
2900159.88
1222126.56
1859805.70
5741429.26
1928119.36
11517045.66
9.8e+05
3901540.90
14350171.91
14724356.45
4105060.47
7482750.66
841090.43
906352.56
293203.04
4.5e+05
1987856.71
1420312.44
836725.09
3369652.08
5.7e+05
3.3e+05
1091428.38
2307790.24
3353724.87
1051320.28
342937.95
1738826.52
2.4e+05
4180998.25
13352126.10
2216728.15
19286562.23
1926143.62
5059945.73
688245.82
4953058.77
1805144.64
9966809.23
6099668.03
1477525.84
1418696.98
2948458.23
3235866.76
12301969.84
11122116.04
11085467.22
969383.85
430170.78
13664154.01
8577375.55
1.4e+05
1826298.45
12150782.14
15751635.21
15704850.14
4.6e+05
11009074.91
468018.18
4847176.25
7.9e+04
1.4e+05
1478909.26
166780.08
3103518.06
3523424.44
14353284.01
6.2e+05
807998.11
9649316.12
11301009.30
6311810.43
2371151.15
1477544.11
16212525.15
6.5e+05
1757670.24
4843580.66
592743.51
1685946.85
1518082.84
3903480.43
7518988.16
1314872.01
5670194.52
4212380.14
8760297.53
7265907.54
5215141.65
5280486.56
1762207.21
7578396.67
9934079.34
6928692.95
7709082.36
10015223.99
2342529.14
7922546.23
5043975.84
2178094.56
1592979.53
1475492.03
6318382.76
10126234.72
6463822.68
855380.48
3115706.40
2520528.63
3.2e+05
1921193.84
11004787.37
3274429.08
11305345.58
2781406.18
9784110.62
15963259.91
3.3e+05
1480132.27
719773.10
7818759.34
10022757.27
4010763.05
4259098.72
6728347.27
3564881.69
6734427.79
1613096.08
11083529.83
6859884.83
10198990.42
6958441.14
2135136.30
6451668.91
13146744.02
14402893.39
4397854.38
2811536.66
1874248.78
11239761.32
589438.60
6.5e+05
3645526.78
7608940.27
10455407.27
807237.97
414760.54
1106799.91
10991442.32
1.1e+05
5.8e+05
6.8e+05
2056820.45
2048096.13
7211130.66
1668057.87
14302802.92
17051685.12
495047.34
929321.89
1707556.39
1168837.90
2924667.00
3.5e+05
9.8e+05
8423393.66
1576795.48
5593950.42
1485560.56
310757.04
549327.39
8643714.60
2382486.28
11718914.26
1711094.36
1815164.87
14893248.74
3534616.98
16790510.22
6.4e+05
5301128.23
7.6e+05
785655.48
8073741.54
5284810.45
2282119.86
5.1e+05
2538321.11
14787192.97
2.9e+05
1156518.88
1410235.06
910077.19
4541592.42
11424438.16
2331426.16
775130.76
2834556.42
3884456.22
4903629.98
2064353.04
1319409.62
2970749.88
4556754.76
12079525.19
3108840.88
1641116.96
4.6e+05
2560334.33
9.4e+05
2.9e+05
1687631.39
1597047.39
1688508.22
138680.67
394912.47
2.5e+05
2097701.34
2750870.18
5439927.93
9162742.79
2570871.77
1051155.62
2476986.77
3725327.43
2535420.73
7506626.54
9428120.65
2389323.76
2638208.71
8881827.45
703816.69
4229256.86
11075378.91
3886665.70
1410513.95
13951007.51
9392105.50
2426921.09
15159220.90
2261820.25
7016869.32
1178959.40
650514.23
8268202.33
2520910.83
2208043.13
7e+05
2432885.26
1731331.77
7835452.68
5265510.18
3752403.34
414909.71
17535165.12
5869731.81
4290483.58
8607643.75
18366146.05
5275850.99
1938053.29
1602014.31
3322295.71
4429663.56
1504797.96
216884.45
1521389.21
10216826.34
1738212.49
1065086.80
13968552.97
1007636.87
8999709.67
5915191.13
1640662.14
13905971.24
2782245.08
3239237.26
4387616.49
5417944.14
1369748.11
7573803.79
6935804.08
8173780.64
2828526.80
8433476.91
9167899.70
2406648.42
3431975.30
4996812.32
1919063.72
1732870.31
1792191.23
3980061.20
4965186.26
3392908.44
6824675.87
3523036.30
1427805.30
3205363.56
12055129.19
1227591.28
2702500.12
4094536.00
6163384.86
158116.99
4741450.49
8630833.09
604452.44
15938555.47
15193260.43
9184257.15
7372091.71
9792885.28
4634259.31
3526239.23
2154593.22
12660192.67
9.8e+05
14678565.68
303338.04
3047607.08
11697522.99
2317019.16
4295579.75
2617394.06
1364502.39
17579906.14
1791259.05
1813838.85
2702622.13
1187435.67
2.5e+05
1668861.35
2000868.54
3037083.15
1924271.37
7874780.91
4608207.69
4.5e+05
7028967.88
2702567.60
18405874.54
2943899.60
2907692.15
2028476.86
12571313.46
7209331.94
5089215.55
10081703.69
5.9e+05
7148842.45
1078014.20
6867925.23
2118221.59
7084323.32
8.3e+05
315237.11
2784965.11
2397555.90
4.2e+05
675958.56
9246841.49
6643593.06
9472446.46
2291141.16
5.2e+05
